5872486,
5972153,
6900709,
2996748,
4980670,
3867230,
7041303,
6840082,
5446585,
7244164,
2608351,
4659067,
2083796,
5591507,
1410906,
6462814,
7906828,
5028116,
91738,
6019245,
6320206,
611402,
6808260,
5052529,
7051667,
11757735,
5665425,
7115565,
3971160,
5525079,
2606257,
5362511,
5617920,
4619380,
3397072,
11863703,
1740,
11547532,
5476291,
6678813,
2142195,
7051564,
2983708,
5950195,
1105465,
4136308,
2372648,
6277778,
5466240,
1807346,
6097592,
3400351,
5793466,
1608392,
6725963,
7006096,
5483298,
4664933,
3871323,
5334681,
7142336,
5821596,
9894816,
6935964,
5832296,
5803013,
4134028,
862851,
4344344,
7980233,
9359140,
3016871,
6825380,
3090099,
6755700,
5884142,
8963993,
6773791,
3785890,
3719625,
6633437,
1778200,
5331882,
3985184,
2197947,
7081597,
576630,
6737252,
5883825,
7050133,
5945762,
5949391,
4411704,
6569696,
6662557,
11928206,
3148373,
6680818,
2351152,
6498776,
1281960,
2397798,
2912700,
8186621,
1982827,
5042352,
7070666,
7048578,
10839026,
7024616,
5280188,
4915790,
1025772,
5733479,
5662996,
8609570,
2760036,
4315526,
6384558,
2656019,
6490769,
9108182,
5783466,
2511993,
2793258,
6693745,
8582853,
6721645,
5261131,
6493894,
7948558,
4203459,
11130070,
11696627,
5670950,
755019,
4032503,
7024683,
9603122,
2102889,
11746675,
3155801,
5958193,
4213702,
6795863,
6121025,
6598290,
10882933,
2474,
7365735,
7577365,
6775319,
7074171,
5352926,
5353687,
5688989,
5127178,
8240332,
3449437,
5338812,
5096203,
1402098,
70753,
6950650,
95243,
5357810,
5260273,
7107628,
3825128,
2053068,
6743306,
5123155,
6744895,
6628918,
7906834,
6536486,
1473581,
6821366,
3227586,
6883492,
5482709,
12299158,
4155370,
8231640,
444841,
5729971,
10842493,
6792513,
4465808,
6843500,
3682947,
6379266,
6383065,
7059011,
12214954,
10234600,
6335809,
6862799,
6817308,
4156977,
1099254,
6681722,
6665895,
9148619,
5504599,
7032205,
4797474,
7000561,
6051148,
5842524,
7042376,
6532649,
2818307,
7053371,
11635499,
6849638,
7065030,
2926959,
3967441,
6621534,
7088858,
669049,
9721289,
5862989,
1764904,
5558474,
4296401,
1999526,
3242034,
4547375,
10906877,
3463728,
6777120,
7093132,
1575934,
3360728,
1608630,
5653115,
1468479,
6792435,
1160797,
6766426,
5000309,
9054318,
9485931,
8290483,
3247678,
6377798,
1454551,
5048106,
6842511,
5356324,
5282473,
7668403,
6239342,
4986140,
6120830,
4376697,
6901816,
2076456,
727656,
4574893,
1527096,
3527287,
3780827,
600477,
4599582,
6223166,
5876660,
5737140,
3860434,
1651293,
4833429,
5524328,
3718347,
4949842,
6296157,
6814373,
876734,
377025,
7054584,
5666466,
3864987,
5948316,
5676729,
6345044,
4170135,
5917223,
4482590,
1277743,
5897242,
139835,
3312388,
7042468,
4383004,
5871270,
3390537,
610057,
5283608,
1831586,
5484611,
6376646,
5088937,
3439684,
5118490,
7043211,
4035773,
6766431,
4063641,
4153037,
3107244,
2548918,
6753101,
4574184,
6762999,
1414733,
6383102,
3958143,
7112374,
6940945,
2253232,
6481913,
6976991,
1590996,
6977167,
4065798,
3907359,
40032,
2714776,
3400652,
7131687,
6462654,
6072503,
1774254,
1311578,
4152941,
6924655,
4545899,
9541450,
6232404,
6690155,
3859039,
833677,
2644910,
1097757,
6308250,
1865914,
6010669,
5983149,
10837093,
6041097,
5287443,
594538,
737981,
1871938,
7046798,
4460889,
10970868,
6132097,
6364053,
4517933,
4667960,
75196,
1594814,
8972017,
390585,
1563892,
6265304,
6430908,
4839152,
4164176,
3150846,
3917703,
6113761,
2018474,
5109886,
10462112,
9258455,
2063763,
9636204,
694495,
412804,
4232626,
11747960,
3756701,
9203152,
8957181,
4283414,
5607238,
2597869,
8559969,
5736779,
5119380,
705020,
5451020,
3561151,
1778218,
8130220,
111449,
9507836,
8125631,
8764114,
6100456,
3261778,
3664215,
10983651,
10977929,
6154999,
3163293,
3610855,
10007611,
6154757,
1234109,
9321643,
6285901,
3427279,
1807295,
8073530,
1476168,
2267010,
544770,
5795026,
6364353,
1286671,
2883068,
9699423,
9317880,
3643569,
5396812,
9204093,
1316882,
9012162,
8480110,
338552,
5608418,
9562934,
3302537,
6154619,
2682516,
5942673,
4228049,
1212546,
4371229,
5842269,
6323878,
1502528,
4731653,
8442984,
3934200,
10298808,
10029849,
1168683,
8100771,
8440090,
6590761,
3383688,
7073789,
6604728,
4602742,
734169,
8991400,
7074860,
1884193,
6857381,
333654,
2327759,
10245456,
107857,
4667016,
4495892,
8106043,
5626668,
5523764,
7204521,
1879081,
2613247,
3476643,
3567103,
4423330,
6131171,
10476351,
5460335,
6933141,
10079130,
5167748,
3725218,
728319,
1869420,
1903574,
3808386,
1921021,
3574204,
8849106,
2892504,
2999744,
6062727,
2507073,
7813652,
1303738,
4235287,
9610614,
9577318,
8316184,
5164991,
777296,
1565319,
1852176,
6727950,
5611709,
9484898,
6102348,
7077231,
6167304,
3452727,
1912475,
1501787,
6770785,
5214954,
7598042,
832319,
2946114,
6783235,
1885270,
4161591,
448080,
2933703,
4003025,
6020541,
7762766,
4107687,
4160609,
8853849,
3690582,
837057,
10560429,
7755581,
6635507,
10665347,
9030726,
8461825,
11759626,
10919344,
507691,
8470648,
11789259,
6267584,
3023445,
8595434,
10394070,
8528283,
8456234,
11032829,
10249805,
10931358,
8614709,
7197811,
2895288,
9844811,
9323901,
10562255,
11790143,
8954925,
1534204,
9641017,
4541403,
9312136,
7893560,
4073711,
6641930,
9651063,
8185041,
8977934,
9741001,
10223061,
8561964,
188636,
9586320,
11819693,
1047025,
7852112,
11072571,
4543540,
4207840,
8561873,
82228,
3063467,
9589655,
5350656,
2135724,
3863526,
11087549,
6408922,
6091395,
11821806,
9182387,
9419744,
8229890,
6231494,
5475754,
2118274,
2014759,
5410441,
10957242,
8446406,
4348060,
3147090,
8859383,
7093218,
5809414,
3440754,
10586229,
9854182,
10209484,
1720944,
439095,
9321792,
10136278,
6901081,
2972796,
11583984,
5467293,
2138034,
3432706,
3575926,
4419095,
5957158,
9502701,
9661507,
8872463,
7728526,
10104264,
9026113,
9796423,
11156069,
8291018,
7796341,
11880438,
9518359,
11776704,
5816293,
4415390,
7403234,
7867015,
7634570,
10139226,
610189,
10809490,
2084557,
11948113,
10329795,
9050595,
4672772,
1696527,
10881468,
2229449,
9359727,
5807163,
10583589,
4561458,
10436016,
9220603,
2982082,
4346974,
4101246,
10266423,
9986823,
4005407,
3636189,
987081,
6154529,
8199838,
9560760,
9117450,
9355585,
8889689,
4034014,
7248501,
5841757,
172508,
10662862,
9733501,
8540935,
7709824,
4778020,
10290891,
5028358,
10029701,
9511264,
8403810,
2793692,
5128845,
9618535,
5415438,
8288810,
11840826,
11855261,
11954280,
11881094,
8074213,
10970001,
3682280,
9950397,
11837928,
2956613,
2607587,
9721768,
8193367,
10539139,
10647419,
4027884,
11736218,
10760730,
9390726,
11847234,
11241475,
9486502,
7711584,
9467989,
4543325,
10390279,
8868608,
7651374,
9160024,
9485171,
1549502,
9523223,
9865540,
10677754,
10439395,
1103050,
10464,
9684700,
6798768,
8879271,
8899518,
10408064,
4945565,
9988910,
4658388,
1763894,
364761,
11071229,
7486934,
10881294,
10340003,
9755884,
8362890,
5159061,
6720469,
5926849,
9065795,
10021871,
6320009,
4417337,
7494974,
9197473,
8412789,
4708263,
9109382,
6389135,
11830226,
7975224,
11797641,
7999992,
6511169,
2142849,
4943233,
3306642,
855147,
4745010,
8636974,
7915087,
7109082,
7713261,
1630177,
2710542,
10291672,
3576785,
8514282,
4981756,
8720637,
4090765,
11293685,
10461731,
11507787,
345111,
11797852,
6762910,
7460117,
7738906,
1774841,
4612292,
4843069,
10211999,
7493177,
10110306,
4018889,
8919511,
6199419,
11786808,
10883879,
6304804,
8623876,
8364975,
7506514,
11042948,
6232352,
9547273,
5027470,
10810033,
5085802,
10904878,
3593335,
6740900,
4092136,
2570079,
10307491,
3051353,
3120227,
1186312,
9824668,
4977362,
1417254,
11346247,
9842943,
6111597,
3189188,
5475386,
7527271,
3985197,
7124993,
6332703,
7428017,
3013474,
110549,
11863772,
11562545,
8848089,
8617989,
5845488,
1916821,
9037427,
8854151,
10263183,
2371337,
8427674,
10097351,
10140662,
11826426,
10343865,
10342006,
9636868,
10949414,
6851435,
9689635,
10423237,
11193039,
1478523,
8044021,
10983807,
10453049,
9831304,
11287658,
2751728,
10721217,
4034525,
11539304,
11206267,
1947059,
10762653,
9149065,
5937749,
9850972,
9679902,
10091069,
9774689,
10261222,
7814760,
7696909,
8973386,
9679666,
1530668,
7982678,
8048615,
3818626,
1200708,
7505846,
7417862,
6012854,
7974422,
10846392,
6272932,
5044731,
8040851,
8503747,
5205777,
11871328,
11554500,
8147040,
8044286,
863524,
10289587,
1662525,
11109348,
8465264,
8020164,
9298635,
1509728,
542358,
2281674,
2096252,
6321098,
8145047,
11221684,
7970665,
9098789,
10296824,
9199506,
1815913,
8721229,
8185673,
3493398,
8030483,
9488449,
9669932,
5267240,
5219197,
11778174,
9215039,
3966226,
7434930,
4318447,
1880877,
8068721,
11865154,
3143046,
9083580,
6535629,
3955485,
5167645,
7565524,
8483791,
6789252,
6792393,
82110,
11208289,
8988308,
1183788,
10996297,
1820457,
3825825,
11771708,
4954621,
11524573,
925181,
11285600,
9062392,
660237,
4758681,
10292190,
9563228,
7901255,
11296522,
11546772,
10493951,
3612579,
6545267,
11738229,
5538611,
10989192,
4072365,
10213209,
1566105,
2134318,
8214648,
9871526,
10701301,
10461361,
970775,
5247737,
9071657,
10184576,
8197708,
5941359,
4311874,
8243991,
4102235,
2913267,
10896709,
9244269,
8158349,
9758429,
7718668,
7927764,
8453847,
3396479,
8746042,
5579617,
6357450,
10897602,
3800582,
8864626,
10697091,
9286750,
2953188,
8074794,
8886384,
10972525,
11817880,
1687689,
1195313,
8889125,
1640460,
3776220,
11831683,
1527020,
9180665,
3656056,
11526369,
11779613,
6250176,
938764,
8346831,
11746008,
11926026,
7070878,
11072374,
7888232,
10098275,
1562306,
8014725,
6990759,
8890923,
1538469,
4525535,
4400583,
3229484,
10392411,
11861043,
4228830,
9731254,
1163360,
11199575,
8851099,
1458790,
8938702,
9963462,
4171928,
8938599,
7407696,
7787573,
7572093,
3241379,
3033846,
7837444,
9727649,
4134026,
298756,
11763069,
9246925,
9728962,
4592856,
9570380,
1787519,
1224831,
292887,
9400908,
11748976,
9823467,
4536664,
11737582,
7819900,
301388,
7362031,
979748,
3321032,
3555917,
11754371,
1793226,
11209975,
9319501,
11749873,
9966401,
249067,
10337120,
9015402,
4062082,
10790736,
11595052,
5120290,
4413968,
11155476,
6762076,
10734523,
9111867,
10792065,
11990327,
1866342,
5694783,
1665334,
9346891,
812093,
2467605,
7885996,
4551327,
9066481,
2140717,
6437378,
3503011,
2704835,
9113680,
1899702,
9691553,
9232737,
11013447,
10787326,
11297371,
2370805,
482026,
11637336,
10746126,
11862862,
10820397,
10117586,
4006131,
11581476,
5881208,
8352657,
8911616,
8220374,
9901192,
11813910,
10738774,
7503613,
5427492,
9094970,
245957,
7122373,
11883890,
10277892,
8153305,
11042792,
1395336,
4580661,
8365664,
750914,
2647843,
4688055,
4548452,
10844560,
8617103,
9686349,
11917042,
5436004,
5664436,
4463327,
9101213,
10161226,
9760025,
1973067,
7733278,
11859991,
11821082,
3870422,
7689248,
2919263,
2611578,
961874,
7610541,
6388891,
10787876,
8559522,
1662539,
11529546,
10044963,
10019140,
8586245,
9072663,
9694131,
11475525,
6949726,
5412202,
6653679,
8622166,
4605011,
2639167,
6326125,
9148084,
4528191,
1382058,
10205661,
10241311,
10511399,
3204728,
9339230,
8001963,
8553166,
9084035,
11725927,
10170121,
5077831,
865338,
6663175,
6845558,
10500312,
6591824,
1602126,
2457098,
10271602,
1322408,
10785547,
11041111,
6424404,
1440376,
3731056,
55682,
10956013,
4183678,
7542007,
1397785,
4777878,
9571479,
7833540,
11590214,
3143388,
7726146,
10698497,
3026197,
8904580,
10988250,
3970904,
6020742,
1509608,
10771454,
6286169,
5831897,
915696,
1719572,
5958475,
4715211,
11805515,
11756653,
10272433,
5846138,
5534815,
10715783,
11488389,
1643859,
2894830,
9151837,
6890354,
8547709,
11217602,
1038240,
1035301,
8580430,
8482657,
11795448,
9745451,
5711089,
9928514,
4667677,
11510261,
4876597,
3008628,
1738991,
3612593,
1452186,
2396107,
3235275,
641900,
11317634,
7928230,
849474,
2900771,
8526160,
5449525,
4866936,
9081484,
11742655,
4518004,
216362,
11756875,
9753226,
10331533,
9446514,
7357805,
9569885,
140154,
4143300,
4364224,
4060432,
554233,
1410167,
10967146,
7706244,
7898288,
8173901,
4150268,
9544133,
11047994,
3401345,
8222037,
7201885,
404125,
10561266,
3078981,
1010942,
870624,
11965003,
5073580,
339301,
863660,
8473523,
11732983,
4528362,
516087,
3266975,
10222422,
8368655,
5194145,
5156338,
2861566,
4512330,
8518118,
1220160,
4800736,
11296312,
11041712,
4356765,
6742574,
9302800,
8530857,
9849445,
7838589,
11139374,
1441555,
6623113,
4233471,
6661830,
46466,
2710917,
9603009,
9341661,
4067037,
2256977,
1067324,
11864467,
10236542,
4435477,
1200670,
9596079,
9370387,
1407898,
9736537,
9732599,
10612794,
3307311,
11004119,
4514500,
10219612,
9558340,
7909040,
7904105,
336561,
10431164,
9938015,
1175758,
9215377,
10896159,
1573543,
10332538,
11096355,
11093264,
9732823,
11618399,
11891832,
11117211,
10806463,
7808915,
10716781,
11033425,
9967100,
11510364,
2872626,
776486,
10167922,
9914286,
2073053,
391052,
3759467,
11575580,
11100494,
10453311,
4674303,
6740816,
471486,
11840892,
1393641,
4414305,
3918675,
9089395,
1213375,
9706290,
2639501,
10354330,
11639866,
8874538,
11490120,
1256960,
9566291,
5699182,
6025879,
9865961,
11894652,
10889527,
10085790,
8412701,
3312402,
4208274,
11080060,
4154782,
8279451,
649405,
11568246,
8109617,
3931761,
6936624,
93018,
8076297,
9960615,
9784641,
9713641,
4739733,
11584515,
4930855,
9432261,
3117706,
6259243,
6460137,
3677138,
9021174,
11074737,
653917,
9094682,
10330416,
709697,
11299491,
644979,
11545673,
10184475,
8865624,
10089418,
10741549,
5274513,
682898,
8501863,
7964910,
3806503,
3614265,
1768310,
8597721,
11875622,
3749893,
150433,
6741832,
10411960,
10845656,
7854432,
9862994,
11810779,
11014174,
7358457,
9690795,
4345879,
10367730,
11056942,
10493536,
11650591,
9967194,
8497977,
3930384,
7459988,
12000235,
3056294,
8578814,
8541028,
4332455,
3773045,
6978844,
9634968,
8941568,
9663633,
10076977,
6839864,
10644006,
10703215,
8428748,
3446584,
2726557,
1145448,
3036146,
1687607,
10811776,
2391276,
6406068,
11245227,
9288351,
8288315,
9410124,
9863551,
9023468,
8584231,
8127589,
9821337,
11162686,
7952038,
2262931,
10184871,
7582011,
4225358,
237547,
1521029,
9501210,
9395857,
598465,
2806112,
8411960,
7497184,
7987608,
3000064,
6287892,
8487588,
5791395,
11133762,
1210701,
10904466,
5388238,
8968818,
195665,
3331472,
2105793,
4661296,
7063620,
10834594,
502926,
5579289,
186996,
10046484,
10126236,
644730,
8610783,
2521572,
10780694,
2665941,
4651005,
690768,
1389663,
8733240,
9901219,
10183965,
11861391,
3314511,
1848665,
6279610,
6899185,
10860980,
4947357,
9662236,
794638,
7631562,
10751714,
172216,
8881094,
5447445,
10308545,
11638826,
3556597,
669292,
2812279,
2548152,
11147256,
1496962,
7942596,
336251,
9002810,
415057,
8236850,
11366603,
5837411,
8960531,
2271618,
8216252,
9055019,
352971,
8635145,
640380,
9478936,
9511736,
2309970,
9317231,
9001574,
6353380,
10888305,
8312814,
8343309,
5922963,
1968323,
4431195,
10292025,
8459163,
8103126,
2464012,
8611265,
10956893,
2698443,
10595087,
1921247,
9414345,
1387412,
9685180,
5231051,
3746531,
8695200,
11227831,
8853603,
229205,
10440005,
9820456,
1964195,
8516523,
9860441,
456313,
8942648,
2033218,
1729845,
11478942,
7792505,
5126341,
5588743,
9632673,
1610366,
8472054,
10848349,
932002,
2785401,
7955759,
557152,
9002951,
9021959,
1764962,
5495617,
9541327,
10568135,
8870240,
7370848,
11554376,
2063178,
5432613,
9280170,
10951946,
10124935,
11453703,
8146628,
605032,
8152703,
4397370,
3156358,
11739711,
9399432,
10426657,
8404980,
9253513,
6596498,
10410168,
4092283,
8858603,
8946181,
4476299,
7633318,
2559925,
8895184,
6479566,
10558745,
7922731,
9612865,
8612305,
6564341,
4382913,
11194403,
9221882,
4010265,
943903,
371389,
11170777,
11379967,
7276952,
3059204,
9396372,
11474424,
10530209,
3626889,
11113678,
9688883,
10686896,
8754459,
5519169,
11550540,
4269607,
8080867,
1966806,
1174923,
7692490,
2672119,
9827857,
7831120,
9146244,
5720235,
3336964,
5058869,
7434059,
10731243,
2481204,
1083706,
6212988,
6430837,
4428486,
5544740,
2084630,
10535536,
9865039,
10962414,
4252961,
6663302,
3739260,
3242355,
11732792,
1768698,
6530487,
5889706,
3938490,
5853822,
2943993,
9025659,
7809830,
9017341,
3516296,
44479,
6730672,
7840316,
8511672,
4675612,
5225058,
1547594,
1926442,
6506405,
3636326,
7418064,
1082401,
11023413,
11748658,
4053828,
1178809,
10189878,
8399011,
10890759,
4270864,
10801587,
9427133,
1823050,
9879972,
2415322,
10982411,
11663710,
8602211,
1982209,
9139407,
10113529,
2986239,
1630985,
9262743,
9766749,
8972117,
11520543,
11245628,
3873788,
8616583,
11816576,
2538293,
1671251,
10512364,
10494727,
8095332,
11227652,
5287454,
9676975,
10532968,
723656,
5436710,
9801641,
9143028,
11849911,
9391602,
11905091,
7925683,
11499542,
11738467,
10542419,
5860690,
3217425,
7472913,
10508462,
11039618,
7749614,
10705305,
7977041,
10655569,
9475133,
9225315,
11974901,
6478537,
11025225,
3276151,
9575295,
8290614,
4420454,
10589040,
8799899,
2578138,
8397023,
11882523,
10161016,
2980437,
8623885,
5572248,
7369387,
8039853,
4475062,
10364434,
7795557,
9260009,
451022,
9055987,
11825291,
10517622,
9721119,
10133834,
9329985,
3291093,
10594149,
11819773,
11754337,
11746838,
9958912,
4492704,
11535109,
4103159,
6300527,
5788912,
8552925,
4860467,
1120192,
3253887,
2563275,
9572786,
149965,
1514555,
242567,
3321137,
2792872,
6366000,
10528860,
6573160,
169563,
9738041,
10584360,
10535939,
10559355,
9842982,
9550848,
1606869,
5249894,
543607,
6277485,
10834234,
9106818,
8083881,
9370594,
7867792,
10697759,
11078476,
3735757,
3118095,
10085638,
4136187,
10770568,
10957420,
9290334,
4909960,
9401816,
11738551,
11832608,
2487868,
9798241,
10866980,
10570055,
11240712,
9483818,
10949615,
10461428,
9233922,
1583564,
436701,
5669121,
10352148,
3948714,
9983621,
8066543,
2812404,
97570,
1460567,
855620,
7411097,
11306119,
11304512,
9603265,
11273073,
2629813,
9137113,
8476511,
11090634,
10956209,
7400593,
8487407,
2716346,
8183044,
9657976,
1791942,
10486397,
9607986,
9670510,
9854530,
659041,
3727903,
7525431,
10251826,
9000374,
6841860,
9196307,
254816,
6064337,
10389105,
6986685,
6674540,
11236609,
9228179,
10121172,
5650484,
3776298,
2244454,
10938816,
9698993,
10081485,
7364451,
7452642,
9891715,
10663642,
10229422,
9062805,
7040133,
8057040,
1904383,
1082600,
7758945,
3552800,
9071118,
11593530,
9862538,
4313106,
7721807,
490295,
7623340,
11751783,
11246557,
6994985,
1211969,
9988108,
7435640,
2415392,
8738145,
1106861,
8358439,
10004123,
3280706,
10184504,
10019163,
10869862,
3580828,
10224784,
11466549,
3443858,
8946905,
6336617,
8134443,
10006,
9621506,
10578583,
8362988,
11466502,
7834311,
1794850,
10157945,
11540739,
938211,
9785877,
7495372,
648692,
5789086,
11619206,
8631338,
5573725,
3792626,
33191,
10829305,
8071244,
8089657,
6456431,
4093240,
3193427,
8984296,
2090489,
10033792,
8721539,
8787960,
9651255,
2038740,
9755409,
9702182,
9178248,
10548478,
2801022,
10122527,
3083917,
3948991,
10752380,
10979197,
10643787,
9062944,
9337622,
3854343,
8636681,
11883341,
9659636,
10681535,
3337537,
9462560,
6817975,
10083719,
7948929,
3841941,
4799327,
2920508,
9333518,
11852378,
3158987,
436621,
6136781,
11522806,
4244060,
9999405,
11018309,
10953371,
10775720,
197027,
7895452,
10925024,
9030028,
11667114,
6675323,
80133,
5420209,
5652837,
8323471,
9689234,
7072024,
7560958,
5648816,
11331417,
11335068,
2953623,
7585328,
468549,
7047892,
5736175,
5740061,
5360513,
9598913,
11805893,
7094958,
5555219,
8473238,
10359822,
5489600,
380197,
7574861,
9210850,
11272702,
1845768,
11935371,
9101135,
9800223,
8482095,
7585229,
10693682,
2462629,
11033081,
1885214,
876145,
8345800,
7815757,
2280322,
7864508,
10165231,
585613,
8877737,
2554291,
11799427,
11535050,
6198510,
8039193,
11851507,
9332765,
7910361,
8878100,
612234,
1843567,
3129559,
4821875,
10238255,
10164808,
9690778,
5076330,
6667706,
3060765,
10191736,
1541713,
3432351,
9678525,
7538917,
8369282,
8399051,
877927,
8968289,
11471882,
11829911,
7063550,
11191696,
6779298,
10930132,
10152754,
9480472,
2832953,
7535855,
245735,
10770173,
10036504,
2680283,
10227074,
11369520,
7926157,
517780,
11612850,
9709387,
5102980,
10319431,
3242720,
8567902,
4244436,
7495553,
11519279,
4953159,
113001,
11769894,
5378479,
5867006,
10686972,
9509684,
2174697,
10575951,
11841183,
6925270,
9216183,
11731995,
6453203,
3981784,
8612842,
7565802,
11152520,
7114530,
8505107,
8445690,
10315269,
11190353,
10678670,
1575626,
8843088,
11512113,
11380849,
10949740,
10563493,
1837108,
7652667,
1712568,
5924754,
9514585,
3076601,
8585212,
7581359,
11654252,
1212159,
10930820,
2991511,
2522663,
1897635,
9990491,
9630744,
3761636,
10646141,
7513131,
9106855,
7584827,
3894000,
6031946,
2459584,
9199451,
7924496,
10909697,
3459066,
6733131,
7481423,
11725693,
10719219,
11815368,
11734742,
11285626,
4568,
3741603,
2636063,
11098784,
4914700,
9513782,
6962986,
384451,
9951906,
6065523,
2038770,
727754,
1356600,
9147036,
2229801,
10752453,
5048163,
3078593,
10550609,
65068,
7651459,
9491699,
6827683,
5454150,
2790809,
9801680,
8040343,
2086667,
4274327,
9826814,
7746356,
2576245,
307076,
10025673,
8720862,
10181748,
7028487,
2972212,
9770022,
8598022,
1392597,
8348237,
8093311,
3893478,
10035323,
7864854,
9108545,
9483580,
7884064,
11360523,
698031,
9489140,
8382350,
1637028,
429187,
9798226,
9021707,
10979542,
968685,
10799576,
7643894,
8245502,
9685246,
7520655,
11846445,
9741265,
6074659,
10482221,
4388079,
9718989,
271954,
10879469,
10503801,
1625065,
140718,
2470006,
7588442,
8982818,
11818108,
4802609,
9542383,
6860631,
9524536,
8983803,
4395157,
9227491,
9796037,
2828703,
2858920,
10276413,
3644665,
755054,
9076157,
11885881,
9469856,
1139490,
1937745,
10600266,
11015909,
9564939,
3362236,
10563418,
11422899,
734504,
9081634,
3503354,
11096197,
5800204,
10468755,
132155,
8093310,
3656427,
4564842,
5308412,
10105410,
4644998,
516338,
2094292,
240296,
11731748,
10024127,
9103495,
4444757,
8061855,
9831080,
8058603,
8034466,
5503174,
9968146,
10392206,
10804755,
11102555,
11563146,
1008530,
4259343,
9613004,
5398,
2221222,
5807690,
849942,
246562,
10213414,
9430447,
572149,
2918984,
9772556,
1658498,
2558505,
8541593,
2869449,
3514176,
6575589,
10350294,
9231081,
3321161,
8906352,
222430,
8537345,
879030,
10569193,
2162083,
1009449,
712245,
5565662,
11294844,
1624014,
7768975,
10842700,
7525588,
10863022,
11847045,
8207760,
1442474,
10062714,
6312855,
7970024,
5810548,
5379432,
4132586,
10122785,
7513560,
9176790,
1261427,
7033658,
4786983,
6094744,
11235078,
942939,
2792067,
4520101,
1706500,
9837457,
240843,
5601768,
5697781,
3990107,
9259976,
9756372,
10330783,
3949400,
4309478,
11879676,
11240454,
6676888,
1861195,
5750351,
3648042,
7660277,
10254686,
7960805,
11795572,
11592587,
1991380,
11241138,
2774073,
281263,
3588650,
9807192,
5673606,
773066,
10058224,
3384014,
8366072,
10057294,
6064746,
11226837,
865232,
1708633,
9852876,
7376922,
6585660,
4629058,
255369,
255355,
1659006,
2338134,
5837058,
5879537,
4428028,
3655981,
8144988,
4500746,
3831068,
320795,
6937098,
3476361,
9813419,
10755811,
4495134,
10500482,
2714208,
1699081,
3125005,
11629430,
8964116,
3413926,
11222724,
11726996,
11905108,
5374540,
5560058,
8346533,
1947483,
9869216,
671064,
9629777,
1244989,
8368004,
8876542,
10586235,
10237267,
4617565,
9314229,
7856754,
12039558,
10823051,
8794343,
10541412,
11057276,
6462998,
2786441,
244174,
8557367,
4290144,
11354661,
6193760,
1859113,
10817326,
9422334,
10295428,
11880710,
3982057,
11273454,
10197156,
9387585,
9337759,
11557007,
1533036,
741048,
11260494,
9085809,
10892611,
11809757,
5077597,
11600982,
543948,
7062689,
9113923,
11063060,
8312289,
5821118,
166261,
9599263,
2797726,
3719288,
2921768,
1787822,
10132485,
9453485,
11033268,
11558546,
10223846,
9794802,
7700206,
6131527,
7960853,
2278358,
1427292,
1014702,
10895699,
2136566,
2515302,
7665982,
9713101,
2805910,
9134861,
9522168,
1111323,
3796350,
3159145,
1681897,
8990833,
11081627,
8876294,
1393335,
6279205,
386919,
9989060,
7768792,
11842892,
8868903,
3962614,
8973048,
6922816,
11557389,
8330850,
7765536,
3698378,
9245593,
5851828,
7558719,
6144265,
532348,
2649833,
11740597,
7753691,
7900207,
2251507,
9069638,
7439539,
7959170,
1257679,
6560519,
4724255,
10817301,
9760189,
9289860,
4283070,
10308134,
10817730,
2587728,
9641088,
4159869,
9298430,
9031115,
8897872,
1861396,
10249330,
9643248,
4473826,
4565345,
11120566,
9018147,
1169104,
1750837,
10150702,
1535307,
1183422,
338503,
1630213,
10130373,
9947774,
3418288,
3003417,
9676524,
9015680,
6953015,
10197328,
10719339,
9328793,
4896525,
7948236,
10795928,
4333930,
6041370,
4640848,
8054737,
9833368,
9503869,
8480311,
4635886,
416757,
155166,
11826867,
9144396,
11509248,
11472944,
10460443,
1871460,
4857161,
10808330,
2668395,
4444922,
9589475,
11114327,
6426007,
643047,
9313775,
10942447,
3818622,
10828228,
10152792,
10842146,
9588707,
3056994,
11070787,
3080153,
5428644,
3802336,
9000305,
8547831,
10266032,
7112605,
8492196,
7629203,
214825,
10480041,
10598815,
9275801,
5712142,
11460651,
10957114,
8482593,
11801701,
9521632,
2723149,
8213409,
10481722,
8255604,
117007,
5514813,
9630113,
2179584,
9991102,
10468153,
6607674,
9631308,
9185093,
8542419,
9553145,
10889513,
9861415,
1489039,
7384354,
11491711,
4147858,
2258787,
7317369,
428246,
4139353,
486232,
9742114,
5948672,
7740561,
7411930,
9779328,
11768119,
11026474,
10359512,
11734513,
8932622,
10238142,
7238406,
10761527,
4631342,
2359129,
10439449,
11339920,
1652451,
9585503,
7055711,
11750724,
7889040,
11206426,
9328791,
8315686,
3700394,
10701248,
5675538,
3201704,
7935071,
6331781,
5944467,
8368618,
9442863,
8557336,
7593055,
2463788,
11795955,
11756659,
1072119,
7178249,
424183,
1312615,
3958239,
7907657,
7616078,
9255320,
9204662,
2615148,
9037397,
11308068,
9546015,
2598783,
8118258,
10666288,
1404665,
7423787,
5989392,
6225927,
8197718,
1441233,
6060989,
8453951,
6275280,
6537019,
8954537,
9623396,
10561209,
3519504,
4058818,
8614456,
8065995,
10702351,
10599740,
9181313,
7772382,
2478799,
8146592,
9557621,
6665798,
336667,
10527696,
5348951,
7607687,
2064427,
2149909,
11460623,
11213971,
6127798,
11203463,
558866,
8926198,
11163356,
8179198,
9455444,
8450847,
658791,
6053214,
6106031,
10843940,
11242627,
4882974,
11810378,
9593695,
10308046,
10076973,
11773669,
4008622,
7902259,
10106534,
5381826,
8099181,
7460289,
1581035,
9779474,
1404954,
3432312,
9883797,
9965601,
997687,
8498536,
6556554,
7667295,
171735,
4572551,
8570659,
3805245,
10557970,
1161007,
10157663,
9788480,
9871580,
8595374,
11360537,
290164,
3322811,
10278771,
4220128,
898913,
3753210,
10223030,
10921595,
11492915,
7880956,
3970991,
5867198,
1562282,
9643810,
2346945,
9488586,
10407992,
2335903,
97954,
9136996,
8276935,
2246147,
3562517,
2518206,
9360549,
8334456,
673306,
1828394,
9552170,
9007434,
9834119,
5063412,
9435994,
8547358,
2809782,
3151181,
7963701,
8489332,
837348,
3177796,
9866108,
11531435,
3864542,
7756374,
4180442,
10433580,
2519788,
9123608,
8500194,
4245043,
7247307,
6607605,
7864538,
10601054,
8100759,
203448,
11854099,
8435187,
11068305,
2374990,
1923988,
8108685,
11778896,
10580188,
2133353,
10665541,
10201736,
11272865,
11806841,
2585630,
4884306,
2558698,
9865450,
6971276,
7034894,
1291641,
9691354,
10420255,
9872483,
2960666,
9763634,
5447391,
10340692,
10531953,
11511036,
9169080,
10333105,
10756275,
10048471,
2262032,
10050432,
7096148,
11866113,
8776765,
11245235,
9812917,
55134,
11783078,
5262936,
9136308,
10712101,
10283165,
2156936,
9786605,
2383506,
9595535,
8420030,
640501,
11282537,
8301266,
10058213,
8029595,
100323,
4872220,
250812,
1511273,
5296149,
10246290,
11838171,
8409325,
4339160,
9783852,
11224828,
102477,
11756903,
7753092,
10093765,
8989505,
9067883,
2336161,
8595923,
8140774,
6460448,
10723527,
8051892,
11205741,
3368093,
7127476,
5516984,
8053302,
8014122,
7774526,
10740950,
10678471,
5970488,
2377993,
11832745,
11732306,
10915224,
11919540,
5143054,
2657622,
6887617,
9091568,
10499745,
1932915,
1526908,
2708110,
8142868,
2898041,
3582007,
5925171,
7524549,
3553366,
10151493,
5803943,
4279873,
6575317,
11727660,
5620391,
3174039,
6731354,
9599491,
5022173,
11113839,
11800676,
7644106,
9284276,
7708011,
11742194,
11470000,
8633996,
1990259,
8923137,
9098466,
10342205,
267472,
8589578,
33768,
8018545,
2275058,
11286760,
11931605,
1505232,
10282406,
11869984,
8856389,
6313085,
9521355,
2119317,
858682,
1299787,
11929417,
9149911,
491594,
9623841,
3336277,
10873141,
9668054,
4203532,
6381684,
232429,
4164737,
691651,
6523302,
2651284,
3478155,
1062005,
5792616,
8972217,
11868586,
2192956,
3352776,
9621558,
10899857,
9843466,
10912609,
6953307,
5163303,
7347727,
5837632,
8384231,
11742840,
8059779,
2350092,
2364686,
4238625,
4734535,
9033231,
6370276,
4100383,
871799,
2188833,
8927348,
1268499,
8094351,
6346406,
1964942,
8964697,
7852958,
8924412,
8022730,
5866935,
10525935,
8253766,
1893184,
3843369,
2280637,
7796334,
8812656,
10137326,
8622924,
1116707,
7959552,
7529572,
7839521,
6463071,
1759835,
1832134,
1362777,
9688286,
6588884,
2697336,
11919165,
8361449,
11476212,
9533301,
9596393,
8262720,
5186390,
10044666,
9503368,
1378430,
9575848,
8562740,
7148764,
11576651,
4804083,
8429897,
3904521,
5689507,
10565936,
2268169,
1154533,
1254731,
320548,
293571,
6780122,
11783647,
4094137,
3031489,
3835338,
1160912,
44899,
1959110,
10281438,
8136630,
2147059,
10055177,
11022087,
11612398,
2391895,
5467470,
11063890,
8857104,
3263191,
8453929,
1185234,
609636,
9252079,
9327596,
1993814,
8334858,
11258795,
11069297,
9088315,
10705679,
11937574,
3408811,
3322004,
9879176,
9411600,
10413405,
11062342,
3679796,
3521711,
9580792,
3858722,
3749298,
1412294,
6573475,
7035845,
10479869,
7744116,
3804717,
11047187,
11630047,
11790359,
681956,
4022041,
11810817,
6926668,
6985736,
6182248,
599254,
11740442,
1563319,
6380248,
4857972,
2483826,
7984309,
9649161,
9590206,
1220532,
7989975,
8915805,
9602169,
5981904,
2803323,
92847,
2584981,
2586330,
10773570,
1956511,
3262111,
9700142,
5778895,
183481,
9553623,
10682097,
10248768,
10926530,
10512343,
1586239,
6066933,
11327514,
8797281,
7581369,
8624695,
2241252,
160960,
9613670,
10013705,
6160684,
5372792,
5459150,
9578461,
11091448,
1565886,
9202907,
8047812,
7320210,
2120471,
5461796,
11195689,
9983417,
7531500,
11600323,
11021148,
6993511,
976775,
1061583,
4561618,
4123209,
1520214,
3399055,
10136652,
11726878,
6354812,
4012502,
9807779,
720694,
4931771,
1697883,
11740765,
4100427,
9813267,
7971784,
11144952,
8842227,
11864215,
7473014,
3812811,
9652184,
3059081,
2922076,
3665240,
6401469,
8955055,
8859384,
9008056,
11168457,
8767714,
10568815,
8936567,
9988064,
9879736,
9317306,
8916471,
9115264,
8973119,
8776798,
10343185,
8930419,
3992841,
4876535,
7269264,
9631873,
1286588,
8368080,
5881931,
3251949,
11774623,
10551148,
10323016,
7843617,
8982452,
10734382,
9735375,
5669723,
8803184,
11729172,
7763476,
397557,
10270063,
9725161,
11570211,
6272220,
6321924,
1944744,
9253506,
382222,
9129988,
7808298,
4030990,
8576058,
10436150,
5987492,
10098031,
8396044,
9883671,
10185189,
3180130,
9918144,
468417,
1040878,
1434574,
718669,
11366407,
9808990,
10745155,
7784573,
2272117,
5077559,
10369479,
11770515,
1984359,
6267979,
4436188,
4685538,
11861056,
11180984,
9316117,
11778829,
8350483,
755020,
3552928,
9053125,
5434332,
3964947,
6522039,
7742234,
2842852,
3964701,
328722,
8803062,
9281538,
8480861,
8157322,
11072036,
7755502,
122728,
7762359,
7566545,
10342840,
3452135,
8053370,
3949908,
9762992,
2279432,
11730149,
11900983,
1224782,
58856,
2791389,
10084171,
569491,
1855373,
8418499,
7803038,
9478237,
11780221,
9246323,
693470,
7493348,
2799142,
4155100,
2691473,
7379099,
2629916,
8291400,
5376948,
533649,
9554653,
9167432,
1198888,
10403142,
9911951,
9668607,
11736215,
2347493,
6729011,
2530650,
11466109,
4640165,
4061196,
11759853,
6456373,
10758043,
4498515,
11565406,
5199436,
10510143,
6684263,
7591096,
4391768,
9783522,
9999010,
2269866,
8285409,
1580609,
10114032,
11275723,
413097,
5444942,
8019499,
9337078,
1513023,
2801016,
11296317,
9159287,
11816787,
8078162,
10869885,
9363121,
8770144,
4605865,
8197877,
222506,
8910685,
3932305,
4570447,
9090620,
682325,
9197755,
5987704,
3140967,
10972566,
68895,
3273839,
9662538,
3662641,
11909548,
7689745,
5641012,
11356024,
11327755,
4432417,
8942001,
3504123,
6964129,
10978971,
11949280,
1966917,
8602391,
9645784,
2408277,
8554114,
4061058,
7684134,
11474303,
5429364,
4084987,
9051944,
4119641,
1454576,
8972163,
2637908,
10362467,
8433217,
10184164,
2043661,
10735818,
10176581,
65804,
9000246,
9683314,
11744648,
4657377,
9237614,
11846802,
8559961,
6894354,
11738048,
10742332,
11509283,
9420044,
9632414,
3630884,
1602744,
2359792,
8089551,
10649298,
11034064,
11728458,
10386829,
10646848,
11549727,
136159,
4266576,
3613856,
5439246,
5781559,
897233,
9662391,
5374735,
2156786,
8216986,
1939997,
8396171,
10452916,
8794928,
9825295,
5430606,
8478093,
8767434,
10113188,
10237283,
10418919,
1605380,
6136925,
9660045,
11832148,
4820484,
4009739,
11015308,
3892446,
1699589,
10718787,
10840168,
5959049,
9210972,
10390515,
7022507,
2537409,
4074633,
9815673,
8330194,
11015980,
8493387,
119378,
11825173,
344444,
681876,
3169349,
9138981,
10499153,
11163681,
4883042,
7004934,
248645,
10873438,
6081903,
7792311,
11240366,
371866,
7033584,
10590055,
5099594,
4918307,
9094871,
5986565,
6229439,
10140455,
155464,
3315886,
2572851,
5160363,
5397538,
11791300,
5666783,
1544452,
1439762,
9353280,
7862910,
2591997,
513151,
7916107,
1478885,
358190,
7415997,
8871435,
11193644,
10163253,
1585845,
680841,
7055150,
3372664,
5348801,
1197398,
5708716,
3183572,
8146075,
8643099,
5982927,
622543,
10427251,
2151582,
1923496,
9651731,
11387119,
10980890,
11769315,
2906374,
5044362,
385163,
7048926,
5223136,
8866026,
10976662,
6376168,
1120201,
9785952,
8710846,
11901337,
3789597,
8116751,
9103683,
1477781,
11790248,
10350899,
2665197,
11826716,
9501047,
3814579,
7083421,
5208757,
10744406,
4764614,
111851,
9101796,
9417079,
10880671,
10792852,
4343335,
9409527,
9109659,
9026653,
11788606,
2361276,
5823194,
10422623,
10706739,
10975030,
8083828,
9342499,
10419438,
9246347,
4861602,
1291292,
3051807,
5578192,
5651402,
7764976,
8358528,
2256525,
11815760,
8591965,
3071251,
2370948,
9497507,
9291373,
9902011,
7891463,
5044746,
9666154,
11518936,
8113170,
2523892,
8138607,
9247682,
11020915,
9148335,
2724882,
10337223,
7702703,
8946489,
11211211,
10063349,
9444755,
9458677,
1120586,
5451463,
9587131,
713055,
566349,
1493967,
5640420,
8721387,
4487703,
10960137,
10799932,
218965,
8603598,
4988656,
5947773,
6053841,
1307915,
953997,
8462682,
2203849,
7668134,
8864833,
8865629,
3364969,
6841833,
7819949,
9957769,
6061458,
6977128,
4062348,
9921907,
5053176,
11746079,
10415972,
3660653,
11791255,
2687204,
2005237,
6316214,
8860937,
8965609,
10744328,
680220,
9417217,
365603,
2802654,
5104107,
1885256,
1074126,
8999748,
9422164,
174815,
9467862,
4989653,
11557930,
430592,
9930825,
4893056,
512808,
7535600,
2541336,
9220452,
11217144,
9709366,
10863928,
11651702,
2745643,
10145545,
10947191,
9784948,
8025239,
2447032,
7668924,
10726053,
6558290,
11057218,
1738030,
8078747,
8112894,
9428895,
10391720,
923239,
3285438,
10136250,
11047376,
11813183,
9749803,
9723371,
10595572,
11141192,
871377,
11538608,
10691883,
254618,
3176119,
2889438,
5050417,
10788835,
9638572,
7197639,
9291007,
9430504,
11818878,
8237128,
2898735,
10770412,
5255183,
2186251,
8011639,
9255663,
11837033,
976559,
3787060,
1010014,
2559765,
7986688,
4954431,
11393588,
4661205,
3611900,
7703508,
1863102,
10047556,
9793754,
8288692,
9789512,
6989699,
2341807,
11743917,
8012619,
11884765,
4683516,
779762,
10551164,
7409098,
10429258,
11078200,
9693955,
9320632,
2595664,
4194642,
8991097,
8951247,
10315462,
7872910,
8916007,
2139795,
2327982,
11676935,
10481998,
5965326,
10093483,
9903818,
11329289,
11779498,
9601814,
10894306,
9715188,
4120310,
4871397,
9251246,
10235301,
4199010,
4185912,
2951321,
8904838,
8236913,
8269108,
9723807,
8488972,
7594206,
11112721,
409396,
7014824,
2580086,
10486968,
8032370,
9027933,
9305838,
9301531,
9829194,
8581663,
11136296,
9001885,
11938373,
3841778,
5554589,
10055492,
1520291,
10908782,
9115301,
11177555,
4870747,
1094079,
10097905,
1141081,
7019049,
546119,
3021275,
9056476,
6099177,
5106204,
2920284,
4997347,
10068490,
7268447,
9771542,
11046744,
9076513,
11206620,
8608816,
11007188,
179634,
9462806,
11667530,
7385341,
10496554,
1867631,
1760815,
4405559,
9038946,
7447218,
1854151,
10029138,
8048240,
8300840,
1093827,
10278224,
10726730,
10347261,
9723818,
7821849,
8500338,
2491294,
5133199,
2357273,
7831808,
8799601,
10349005,
734584,
545718,
6234546,
4024427,
8419328,
9576705,
10957000,
9502212,
9803276,
10528079,
11045169,
10609102,
11949262,
8848852,
5559081,
8848233,
9114362,
9703063,
10720872,
9091685,
9258226,
2229592,
11485402,
10735297,
11806362,
4930333,
11145739,
9468708,
35970,
1499950,
10529632,
9630599,
10491997,
4965139,
9149302,
5636174,
707038,
4327906,
10832903,
2667051,
10056370,
10181787,
8736924,
10310883,
5386139,
11086825,
4653188,
3448392,
10731955,
9956601,
9227483,
11181381,
11302610,
1752207,
11604899,
10947896,
10750617,
7615266,
611904,
2011289,
8931458,
1017796,
8322686,
8322688,
10397962,
4994245,
6905762,
9620001,
9154840,
1224420,
2198233,
8929305,
1548836,
9160637,
7477754,
4324755,
4476400,
4751130,
11017701,
5414541,
5673800,
7914505,
10082949,
1470346,
2351027,
3893146,
6939676,
7056518,
7709617,
5770006,
559425,
2165529,
8817999,
5027298,
4245962,
6746594,
10450308,
5927927,
9910508,
10056402,
7844970,
6015339,
5494760,
5961189,
9775252,
7836604,
7701823,
5677613,
10123721,
8372065,
11201966,
10511942,
11880419,
1945429,
11839670,
9569465,
7799877,
6268813,
9247129,
400199,
8758877,
2381696,
9043768,
11078822,
9691729,
3843221,
2592142,
6331029,
10310473,
9528041,
3417189,
8887713,
1418043,
7591067,
11467765,
1651520,
6731936,
6719438,
3517617,
2859715,
3123024,
9060529,
4472096,
10502943,
9915359,
3420474,
2399840,
6144773,
3054420,
117035,
3302260,
4396854,
11512388,
8960743,
11146873,
2217836,
5951868,
3397243,
11370170,
9608981,
4149736,
10583850,
3831619,
2439394,
9062900,
9358641,
5291819,
9627256,
7510877,
9496373,
7590787,
3329015,
6321602,
8157708,
9599548,
5595525,
8175213,
6436778,
7894415,
11809304,
10978058,
3452986,
7952346,
11610617,
996035,
906592,
1916972,
11490261,
6081952,
7996738,
11812886,
11133542,
11290737,
10481560,
11084959,
10050232,
7975497,
8500234,
8286197,
1841631,
10411343,
3688717,
6722140,
10666841,
4646979,
42602,
771647,
3715310,
1094013,
1306087,
1198234,
10460920,
3603822,
9047523,
5817148,
7996074,
8263314,
9425075,
2627424,
11571136,
3288978,
2522315,
10470715,
7742368,
6071269,
5888558,
6917572,
9134962,
177766,
8134996,
50516,
1694608,
4331987,
3616460,
4107567,
2539630,
1853053,
3188693,
10414988,
8547398,
5518886,
8907963,
687324,
10726293,
11176007,
9487703,
8330644,
1802108,
8528034,
9337841,
1207626,
10571021,
6580771,
2872348,
1090131,
3665669,
7659648,
7951608,
1665473,
4912407,
9579711,
11733116,
10681884,
1593199,
8186714,
9948455,
10055829,
276508,
678027,
9840746,
7884407,
1015406,
7413800,
9644487,
35763,
6215748,
9280676,
4553625,
8493796,
11917719,
9323667,
751780,
6704753,
280547,
1186346,
1971398,
9043353,
6665453,
3466744,
1360957,
3506889,
11044679,
8962076,
1572353,
334699,
10459956,
8776698,
4973496,
5598806,
8027235,
11550209,
11476470,
9791942,
2081267,
9051027,
7876613,
2100466,
7704040,
3257404,
7794764,
7638445,
9785352,
9313100,
9079186,
1180233,
8578581,
8227003,
1526995,
2174700,
3767504,
3816869,
4875816,
11556723,
9895601,
9736868,
7894386,
9617610,
2615361,
677490,
548419,
8522689,
9655378,
10576812,
6469423,
4896337,
2609320,
5694064,
11863892,
11171250,
11253226,
5943851,
10531221,
10012745,
11837749,
1677064,
8384860,
8054175,
11880020,
11748901,
8234932,
1474682,
8323580,
8095854,
9181331,
5591306,
8538118,
8567360,
4598253,
5552077,
983562,
8379191,
10644469,
10750419,
9138796,
503984,
7358171,
11850406,
11523250,
8055589,
4257397,
11799267,
10198360,
10696371,
2658930,
3112677,
1845385,
10470562,
4896475,
296747,
10050098,
11915175,
8914141,
3087622,
6095457,
6146201,
9820849,
5099294,
11471870,
9703976,
11498736,
10050795,
9604708,
6109985,
9307746,
4182201,
8470442,
4686880,
9427768,
6266353,
1622103,
10708232,
9979695,
11900050,
4999551,
11113543,
11897282,
11747609,
6567617,
9352421,
6745422,
2024174,
1456002,
6325015,
3317893,
7706799,
8509168,
11809779,
10183966,
10996310,
9715236,
3052915,
7101560,
7757664,
6745037,
8593504,
6739808,
3822521,
7002882,
4929574,
11049477,
2280403,
11740104,
1483531,
11326509,
547915,
6536871,
2420418,
3991323,
8783587,
28856,
11738973,
11933744,
11935831,
11933781,
9210853,
1536996,
10012390,
9412674,
888499,
9210979,
8615108,
7125022,
3483175,
3158425,
495812,
6597138,
1793126,
11304475,
10232594,
9095710,
2335561,
512084,
9239879,
9355353,
4707785,
10039920,
7551333,
6004110,
342467,
8663264,
4349934,
2174763,
9880360,
8165605,
8426686,
3923699,
10408729,
11836063,
11549542,
10920091,
8274180,
8131652,
956541,
9536906,
2244555,
8951657,
10098379,
10367581,
10548223,
10679577,
4508558,
1018055,
9589872,
6174551,
2312168,
9145630,
9757680,
8254006,
7496199,
1106649,
1187219,
584351,
5403439,
7402913,
6877953,
637000,
6700294,
4060886,
4112756,
9143332,
3039806,
11075240,
3681499,
2569313,
1066317,
2718597,
10123650,
317619,
490699,
9524610,
8599605,
10780763,
10367551,
743472,
9745859,
9372950,
10794240,
11244699,
2722026,
10422626,
4355880,
8523453,
10823403,
8028372,
4095824,
8028310,
717577,
6464773,
2883447,
2708885,
10753229,
5896148,
5599845,
298790,
9218632,
3169794,
4461456,
9115223,
11597901,
9456995,
2826597,
873518,
11308013,
8333237,
9567713,
7645493,
1026573,
9118106,
11072141,
9835619,
430251,
10132992,
232729,
3461143,
9823541,
901256,
10380784,
10104213,
10399089,
504020,
8287865,
6362433,
4218979,
10409816,
3808569,
1684030,
5703260,
11191263,
9077368,
7670824,
1762524,
1480055,
7832908,
10216384,
7494982,
4792078,
4125122,
7574408,
9655982,
9910624,
9106283,
4370504,
8499258,
9276413,
1484527,
10121704,
2365756,
9283175,
10260389,
396231,
9382825,
5128717,
3408804,
3092843,
2940949,
10217096,
5048517,
4171662,
531362,
11835748,
1188091,
372460,
1485012,
9226663,
1379010,
2772364,
8812172,
3327059,
10118060,
8964050,
10561790,
6860630,
8965781,
2853815,
1016155,
7092774,
10371583,
1837012,
10668181,
9063890,
9410751,
11934295,
8901933,
11741469,
8803057,
6243644,
1606646,
823981,
10364545,
6056574,
9387222,
10768617,
11754166,
9581936,
3547588,
10201880,
6362771,
10270833,
10007772,
1940580,
2306947,
7892536,
11517085,
8103006,
10122562,
6169696,
2103385,
3075698,
11595145,
5939503,
8445292,
9247297,
11790975,
10705469,
3036130,
5282119,
7563993,
9893424,
10689334,
9602492,
10827456,
9534277,
10425762,
3266972,
10163427,
9104512,
7729465,
9890803,
9572477,
10100216,
833284,
9384033,
4921117,
2888807,
7661475,
2135584,
11759539,
10022559,
8007328,
9288544,
11823397,
8925503,
10548545,
10379874,
9966770,
2462643,
11465453,
3572297,
523006,
1689590,
9483447,
5132352,
9631523,
2038136,
10314545,
800071,
3320757,
5535036,
8829023,
7025705,
7556234,
9060800,
9636857,
3673126,
810207,
7747016,
8332117,
9174486,
7930896,
8146020,
3334153,
9586680,
9334334,
6199606,
8832447,
11498217,
10371798,
10467299,
9068527,
1290058,
3890427,
4672813,
7848087,
8938223,
8300644,
3445089,
6320718,
10012465,
8345674,
2805683,
2389944,
4739890,
2529041,
3109276,
303414,
9771440,
4118038,
2899594,
10709530,
3595982,
1314218,
8776709,
4021130,
9042981,
5325591,
8797026,
9583864,
5488162,
4354802,
7104024,
4657704,
4068172,
10704764,
9360084,
4186798,
803395,
8141001,
11233923,
11560137,
10262522,
7918246,
5604052,
9236512,
7851604,
9755484,
9668823,
9254767,
2447532,
7356518,
9892783,
2814144,
8525439,
9910714,
328753,
9410847,
10216933,
6056722,
6941118,
5798493,
3132221,
201341,
4311985,
9302599,
242380,
3701107,
464055,
10894185,
8028834,
10852540,
5863695,
8182458,
8483842,
2932026,
9577131,
1253549,
8872268,
1258090,
5893769,
5235065,
10283580,
6902424,
7998669,
3396918,
8578945,
8528457,
11246206,
10876915,
7821459,
1374595,
8877573,
9658502,
9938680,
10214867,
9012102,
1826072,
9196763,
2101281,
4309317,
54372,
9198430,
9234082,
4649203,
4594556,
7631879,
7059976,
8610226,
2244115,
9975884,
6108616,
6889265,
3241666,
10067975,
5678914,
5658227,
1359355,
11762888,
11737701,
4418284,
10938074,
3204177,
9254909,
2207527,
6602581,
927880,
5003318,
2444988,
11740342,
1221681,
7378172,
653045,
2380241,
9646187,
9224974,
8217936,
11206032,
11353163,
11801481,
2881435,
5995263,
4404730,
9803335,
2989450,
8480373,
5464232,
1079858,
7769723,
9086452,
1785143,
10388350,
10030956,
8449633,
2346356,
576390,
9184311,
724605,
10082489,
8518188,
10895361,
10475629,
9013643,
7830398,
8612577,
11234136,
4323264,
8897366,
11084855,
8374541,
2400648,
4133013,
7407861,
3846008,
11689023,
8866940,
7926760,
10869034,
4554241,
7889009,
8614294,
7827088,
7953692,
2677641,
148589,
9536409,
9175534,
11488767,
9937870,
322986,
6997288,
10730542,
7025195,
11051181,
1904698,
6712358,
2221549,
8546316,
9741987,
7455136,
10945458,
2580632,
9825935,
10521535,
9751461,
5165412,
4496149,
8963739,
3784960,
10057573,
7704318,
4453620,
969315,
9458093,
9660400,
9785911,
4631853,
7900063,
141826,
6673239,
4939252,
11591271,
7629979,
4516217,
10893192,
9504765,
11366768,
10468036,
638438,
232839,
9996921,
8265128,
10644964,
2625989,
11554613,
8592926,
7686974,
10208858,
3991510,
7927582,
10448751,
2008125,
5016456,
2738582,
9628527,
10799045,
11006803,
10808972,
8001076,
594483,
2349740,
5677537,
4270703,
10212479,
1002290,
355888,
556021,
7759174,
9488290,
7692587,
10145722,
10564486,
11867186,
9308891,
10762149,
10867235,
4134407,
11550737,
7125298,
11049511,
9559120,
11233789,
10064798,
10550223,
9356875,
6572904,
10517301,
587685,
708199,
5251110,
168059,
9591991,
10548626,
10773340,
10063170,
9159363,
9081670,
9553941,
7927774,
4504035,
3193305,
2072678,
10339277,
10348791,
9711436,
11958703,
11184422,
8512616,
2240855,
6596667,
6157866,
9104766,
7986783,
5052664,
5370786,
1991115,
11822421,
7808933,
2863876,
8247428,
8470425,
5912300,
11191249,
11148824,
9243091,
7591592,
11036834,
595258,
10785356,
3572798,
6351912,
1844103,
8618969,
7227421,
8942717,
8418539,
9231539,
7948270,
11132656,
10669703,
8299734,
11732067,
11550616,
4747525,
9091628,
514817,
6991780,
8781142,
3565995,
9727965,
9499704,
11957313,
10903893,
5015665,
8055136,
458146,
2110770,
3691399,
3670796,
7727239,
1537954,
11108496,
11108486,
11108487,
11108489,
7981302,
8131119,
9677299,
10584821,
7136714,
7816788,
9708757,
6662506,
659983,
8827733,
5881471,
3682301,
3475056,
6558451,
11270722,
9245728,
175715,
8805399,
1215804,
10857481,
4738150,
2955513,
6195895,
8058036,
7947579,
1214221,
10185076,
713575,
9774285,
2426074,
9351860,
1882171,
129613,
4445352,
6647793,
8988655,
8325548,
8201460,
9003424,
3678297,
4065638,
2037465,
9919475,
7626354,
10528050,
9201563,
7464631,
9666176,
8337719,
9418306,
10278781,
7776523,
960565,
9904402,
7718886,
8908267,
10277721,
6368644,
10803129,
8571181,
11222807,
11527095,
4351585,
8054926,
10764129,
10044687,
2447907,
9819291,
9646998,
3792767,
8963658,
7653525,
7646357,
7058284,
3553691,
10880143,
11326628,
722415,
5697627,
2430065,
6284388,
1460653,
4128454,
2151094,
10153879,
1503508,
1528702,
10152267,
6327565,
7413160,
7409877,
10790262,
7834479,
2918146,
6408517,
9798463,
5395655,
10085757,
10952537,
1651897,
632920,
1918996,
473575,
9053576,
10459960,
11726851,
10122339,
3985702,
9948527,
2403899,
10975387,
10751483,
980740,
11743321,
1026904,
7549461,
7632191,
2092361,
3966441,
7763421,
2573617,
1861788,
1872996,
1661343,
5446054,
8301064,
6261377,
3268186,
8170006,
4554173,
827932,
9112255,
439126,
4868577,
2960881,
9098449,
6828011,
2886746,
4506461,
2744776,
903662,
7674828,
8925300,
9258570,
7353519,
10339181,
3617327,
9579512,
8926118,
10840433,
6031947,
5218623,
9122973,
11212908,
2339431,
4227471,
8078097,
1921264,
1748346,
5604785,
4203856,
11034427,
10814049,
9765589,
9865459,
2082473,
6078221,
6531454,
9310783,
4347767,
9816896,
2029241,
9428387,
6186347,
7003034,
3974555,
3218291,
4207924,
7827281,
5335661,
4324341,
4728737,
5323158,
6294972,
3200468,
10916861,
4177386,
6078519,
2433978,
2917356,
9058405,
9353462,
10819111,
11860782,
10126715,
10152036,
4654915,
20154,
310653,
8225759,
124889,
2582877,
9769456,
3855714,
8178492,
324077,
2291280,
5394201,
6986882,
9405373,
8297725,
7566490,
10002136,
4538298,
1143058,
8342130,
8322928,
9519339,
9072045,
6522921,
10879479,
1687274,
5543031,
9718027,
8125867,
11066064,
11013068,
2473023,
2181399,
9352604,
2811440,
7793669,
7349235,
11782043,
11026047,
8363931,
10186998,
2072174,
8460575,
9676462,
3976297,
2901984,
9158216,
8936371,
10918204,
1338249,
9842993,
8202185,
11473774,
8128805,
4843694,
8475610,
8542811,
9865657,
490741,
11563339,
4056537,
9875067,
11833837,
7612076,
10035273,
692344,
8323613,
9639419,
2804446,
6987880,
11686583,
6869140,
10173728,
9712855,
4897947,
10529778,
9145851,
684532,
2377463,
161195,
9810765,
9958173,
10879090,
6312756,
11030849,
9081032,
609267,
3479398,
9084270,
642133,
4138729,
4988836,
1373598,
3693868,
2916130,
7413061,
7133629,
5528899,
6514469,
11137275,
8412994,
11985972,
9554927,
8223489,
523514,
2463726,
9196290,
9573504,
1116594,
5162312,
7366698,
11190731,
1569272,
9201008,
8300006,
10571768,
4326851,
6818280,
9548652,
3127929,
8080331,
10653963,
9117690,
8065391,
11947441,
10795471,
10995500,
11039578,
11853153,
10653328,
141549,
1565536,
8266158,
10913751,
7742428,
10686684,
5396207,
5214541,
2681322,
9237151,
8643050,
164124,
7575140,
10545957,
5112957,
9543534,
10485121,
6843483,
8111564,
503725,
874067,
8829164,
2337152,
8816180,
11329563,
1552532,
8338022,
4032675,
10937724,
348323,
8313623,
4684053,
9729722,
2003376,
9737552,
11268036,
2445708,
9966244,
7847816,
3585024,
10416028,
9749538,
2911087,
3788478,
11818946,
9920239,
10498486,
11279928,
660562,
6480444,
11137099,
11148254,
5415054,
9433846,
8340371,
548996,
9646003,
11831424,
2865487,
5595975,
479220,
9179136,
5567272,
1183291,
6294430,
10010813,
2847529,
5704326,
3252073,
11303560,
1662311,
9650069,
4913355,
168247,
9219323,
9054339,
3642756,
3770774,
8291404,
523453,
6458214,
11832755,
3895111,
7523388,
1907115,
3256124,
2063665,
1534412,
1639434,
5523952,
10093084,
9737764,
2544319,
3032827,
9451117,
3276610,
10585722,
369341,
657351,
11684521,
1815361,
990241,
10882537,
11514715,
11060722,
7878676,
11025811,
8117323,
11518445,
2953568,
2877828,
8347628,
10968443,
2278718,
11263245,
7196851,
5567958,
345189,
2666438,
2703646,
3391646,
9465319,
2956139,
10836653,
9767641,
10773689,
957278,
9135189,
7476707,
9232794,
11446772,
3503930,
11625866,
460573,
1505115,
1394392,
9799547,
3547264,
4929569,
4903576,
8981486,
11077675,
1705013,
3478028,
10153919,
3790899,
2168223,
8900697,
7893514,
11930707,
1782473,
3552102,
3547366,
8908836,
2215650,
5064106,
11308661,
2185144,
3485956,
9050059,
2539808,
8344200,
9393709,
1489284,
1527321,
4364878,
8788927,
4127188,
56764,
3114147,
7003732,
10868200,
5460461,
8945193,
4527388,
1960889,
9668383,
10728301,
10080020,
10161552,
9224189,
10011574,
10752792,
9507790,
8043904,
3655572,
1127189,
2363017,
1749007,
6097868,
11732203,
11814899,
3507745,
1710145,
5894871,
1246232,
9255839,
5651586,
4747645,
5182903,
3525104,
1425410,
2472175,
6403134,
9293315,
3896679,
1258267,
2457863,
4262737,
10833153,
1379960,
4797309,
2632808,
8995033,
2406073,
2750990,
8776493,
2292779,
9787985,
9143797,
11514280,
9378891,
7952018,
1383714,
7051875,
118079,
9647108,
7041908,
11161924,
6939946,
6927477,
9950711,
424068,
5067305,
7880386,
752326,
9784817,
10163725,
418740,
11199587,
4875608,
2994419,
9041041,
4395029,
645239,
9035562,
9575353,
7530738,
7838932,
3960023,
8971142,
10748203,
10093591,
8963884,
1195409,
3689132,
9543294,
2723767,
9004995,
7042437,
5215658,
8940040,
2904581,
10768245,
10064524,
8775600,
8409652,
11222684,
9561869,
4789357,
9841969,
4056079,
2822203,
1229378,
4711254,
5242014,
675532,
1128280,
7964095,
10191331,
11809005,
9069601,
10174773,
827256,
9791203,
11814095,
837656,
373467,
1270437,
9442796,
3316653,
7884946,
3902273,
8490212,
777813,
5100823,
10496743,
424392,
9021284,
8902811,
2878045,
9495328,
8782671,
8322644,
10707169,
11654664,
137683,
8171216,
9834808,
2795208,
8520439,
3551503,
10821331,
6344639,
3379254,
7974107,
280271,
6433448,
8870301,
10090997,
3880025,
1801742,
5272963,
8430692,
771648,
7697540,
978696,
8368020,
1403866,
9198452,
8095191,
4348625,
4575875,
3854794,
6870575,
8908050,
6193033,
6179734,
154720,
956717,
9265722,
9281164,
2350142,
4298068,
3895444,
7625595,
11467062,
7895161,
6289620,
6289654,
8568041,
2566663,
5989449,
9587105,
9979857,
5752359,
11032034,
6694000,
2641105,
9124734,
8242886,
8535282,
1602891,
4340051,
9167805,
10161679,
4659949,
10943409,
3890468,
7461121,
90520,
2749741,
7587218,
8110748,
10904279,
7553573,
3837592,
5988844,
9063365,
2127010,
2130097,
7385427,
2542638,
6368696,
2936864,
10136584,
9151833,
3057959,
7640607,
1592804,
8063937,
3602930,
3939693,
9729196,
10673560,
11469845,
11524583,
984993,
5282228,
11726920,
5717014,
6755247,
8306837,
316316,
9340860,
11913173,
11113676,
10345375,
5346652,
870501,
1208484,
8447487,
6776737,
8720692,
9707710,
9551181,
2059569,
3470234,
3457624,
8522580,
11277840,
11470678,
11571936,
8118522,
5994083,
7266440,
10202593,
9935678,
7626925,
9940054,
7741540,
10331969,
8965841,
8044480,
331570,
11748140,
3100801,
9679780,
7759399,
8630417,
8522854,
11855144,
9775398,
9074940,
8360508,
7828079,
8504503,
7606776,
11540213,
11507189,
1092966,
9358716,
10011850,
9188923,
9660404,
9583114,
11052280,
11766182,
1910871,
8979468,
10855996,
7940120,
9518925,
1110617,
11024521,
225845,
7768569,
8984692,
10653208,
10183605,
4071839,
7889022,
5774564,
9398807,
7719001,
3901731,
8959781,
9053604,
3835302,
8623596,
9896221,
10011949,
1790017,
9951495,
5011913,
1075688,
9277812,
11734926,
10574750,
10856157,
9579903,
10871716,
8431842,
10583847,
1046325,
9045536,
3941497,
9750776,
10233243,
11097807,
10276701,
9271416,
10453719,
11567240,
5272572,
8109933,
10991200,
11468148,
11313897,
7870203,
8793721,
9711073,
11687129,
10766399,
4544851,
10376745,
11556790,
11824487,
11761192,
11943714,
11792957,
10593816,
10873142,
2205045,
7734025,
2547234,
11023723,
3601858,
2095311,
10957194,
7136122,
2356115,
9664850,
9023899,
10958533,
1595641,
11146839,
1031883,
9965604,
8168382,
11492447,
11736677,
10114934,
10640050,
10706073,
10541586,
8496744,
10792275,
7590632,
11146912,
9686488,
11885493,
1322266,
3226053,
7677148,
9170119,
4300849,
9290119,
10771189,
9507454,
10874503,
1739030,
11275159,
11049162,
8581793,
7362231,
11101775,
9205575,
9913609,
11169577,
10985054,
11510387,
2370060,
10736354,
7315312,
9205397,
11223347,
7793871,
7745570,
4290871,
10318531,
1842238,
10465506,
10511370,
11202791,
9884401,
10219742,
10251971,
1326723,
5272286,
4059411,
9451452,
7886924,
10829240,
10376890,
9395129,
10701916,
10897872,
8112582,
8543342,
8268556,
11926982,
8704083,
7396346,
9500588,
10919604,
8313397,
10779900,
10904601,
10077334,
7948957,
6575397,
1593996,
11779864,
9351171,
11598423,
8359655,
9321233,
7626623,
9664950,
9633503,
10723731,
10100930,
10306407,
8484031,
7593596,
9773286,
7873487,
11321121,
4987633,
10263239,
9195898,
9466723,
9984842,
2477985,
10705941,
9989797,
9229716,
3166738,
10855075,
11943933,
11765880,
7559998,
7651186,
10816591,
174337,
11510845,
10736420,
8781297,
8083208,
9556259,
8940134,
299063,
11059086,
8241241,
8919467,
11583234,
1295862,
11728026,
4716615,
10128504,
7565055,
2562414,
548424,
9950195,
10795555,
10443969,
10952350,
6668952,
6396123,
9778573,
10721286,
11797883,
8862865,
1301526,
4843517,
9599877,
11125587,
3825382,
4245397,
2036973,
9632761,
8453347,
2280490,
11059061,
11476411,
7660176,
6484627,
11271310,
2936186,
11020767,
9320184,
9952408,
354197,
7822803,
435169,
4663176,
8476204,
3196019,
942483,
9372410,
9571355,
9812405,
9666258,
11839157,
8023743,
9065764,
5131465,
9753270,
10219417,
8861434,
10749688,
8592162,
9014439,
433258,
9859446,
9915463,
3460330,
2699666,
1351729,
6698444,
3591163,
10757415,
11590103,
8523701,
10759048,
11048737,
971434,
9041758,
10500715,
11326386,
11495993,
4031396,
8076438,
2219726,
4407972,
8862781,
9682937,
5595453,
1441506,
10750144,
10750147,
10761292,
3306698,
9169141,
10439227,
8979560,
8459686,
10116104,
9613383,
10057936,
7485111,
10057938,
1185581,
10962482,
10057937,
11469407,
7966329,
9781900,
9633646,
8908349,
2042821,
5484078,
886565,
11473054,
8393966,
2042055,
10425697,
10990777,
2581802,
10767805,
7704969,
7585782,
9746816,
7631645,
6627306,
3862225,
420875,
10730832,
5584943,
8294732,
1822848,
10702039,
3260882,
9558187,
4553928,
9163799,
8027542,
4328107,
10582809,
277128,
3591329,
5223337,
5923471,
10095679,
10949399,
11533333,
3307323,
1761674,
8278247,
10512520,
10527275,
4085792,
4548997,
4203325,
8139567,
8594431,
8567739,
10157282,
2555394,
10497113,
3175366,
9348274,
5634583,
11389619,
6450506,
8209317,
11161074,
9156004,
736092,
11735192,
9617990,
4375820,
4158274,
11057302,
798630,
9305089,
4283546,
9458535,
10943897,
7127114,
10291677,
8310212,
2576082,
10582747,
8170125,
9217048,
9332618,
8864089,
8851801,
7674865,
8998066,
9670118,
10552061,
7705164,
9746570,
11821860,
6489820,
9600199,
8056937,
11826312,
9684842,
8797529,
6269193,
2392666,
8483994,
1156689,
2785576,
10008940,
11224485,
1081875,
10802239,
8089494,
10252644,
5221026,
9984223,
3306988,
1937744,
9302364,
804518,
129984,
368695,
9942857,
8616048,
10542142,
9562733,
7781602,
169262,
10359190,
747502,
232851,
5782582,
3892944,
3045667,
5252761,
9682338,
7472731,
10543214,
11788221,
9542900,
397186,
9274055,
8928053,
10192115,
8810167,
10667302,
4405585,
11821645,
7364493,
10684883,
11051865,
11679051,
10958340,
9185768,
7942092,
6703202,
10866724,
355347,
9094022,
10851254,
6576876,
6793259,
9335585,
5255992,
2622633,
8339033,
10387,
9688089,
10851921,
3271975,
1811737,
10352468,
10513500,
5391697,
9266723,
4381855,
2373185,
4658464,
10112526,
418394,
9665197,
871247,
1508401,
8378898,
9199060,
8991770,
668988,
3065027,
6806517,
3191674,
8532475,
9677576,
8535476,
9528620,
4855948,
9577313,
1199933,
283751,
10407205,
1338481,
11467038,
4203913,
8637325,
7731909,
7800114,
7924473,
9701465,
10754446,
10580144,
5408484,
6776491,
208065,
3039835,
8084611,
1301054,
9703380,
10760956,
11486249,
3745202,
10610275,
11460891,
532012,
6235428,
8562459,
8962933,
7072829,
7026783,
6371282,
6810659,
479622,
8780400,
11303691,
8236755,
5989113,
8908953,
8139906,
10518351,
11466562,
3052344,
7391486,
7708888,
7404099,
9408233,
8555880,
8405207,
8459685,
2928865,
1923761,
2811230,
9172622,
11526799,
6796343,
4877276,
7315283,
11242013,
1172609,
2338081,
10761598,
10997658,
1221263,
6828029,
2429366,
3060056,
11004456,
4483898,
9431884,
9317892,
9582686,
7584491,
11617026,
5863320,
7900060,
10905630,
9007766,
9919819,
2550984,
8916011,
8780433,
5110123,
5582836,
11853741,
3772687,
6505420,
5466436,
11727280,
7019821,
5262925,
1413954,
8927269,
7900577,
7451518,
3963318,
3060353,
1601518,
6804605,
165018,
119489,
2681809,
9586577,
418853,
101942,
4969733,
61458,
2885841,
638203,
186462,
8201375,
1041980,
6015640,
704397,
4236903,
1531911,
5842531,
11251653,
3920304,
4642416,
8502620,
8556658,
8882833,
9268018,
399300,
6134676,
3135144,
8882667,
9306244,
5161441,
4074912,
6129533,
678688,
8232113,
10526982,
10683929,
9137172,
5558896,
5521693,
7387241,
3816902,
9969106,
3847441,
10760877,
9560376,
9978835,
5679583,
8149535,
5861740,
10911889,
5788550,
9916483,
1467621,
8910340,
2711468,
10033199,
10749906,
666111,
6991661,
3869260,
5617371,
5921314,
11791601,
7088924,
6205804,
1593458,
1526066,
6960229,
10079289,
2874469,
7135244,
1932867,
2214637,
6884159,
11985327,
5398790,
1623539,
9288684,
5376888,
5222628,
9583739,
10161629,
10590855,
2774865,
238747,
8958669,
1646718,
7856172,
8022745,
2332263,
6295853,
11742660,
666654,
10565410,
10077324,
9189610,
10287842,
7562756,
8404035,
1954161,
7772171,
9120045,
5197763,
7404640,
9114179,
5694343,
4164272,
5732967,
308144,
428322,
9414323,
11849793,
6956931,
8058612,
8265991,
8621906,
8925206,
4112167,
9026729,
8532209,
4514932,
7785109,
9178223,
10512452,
10493142,
4690260,
2363795,
7761521,
4822221,
3971407,
2152880,
9669059,
10399318,
247283,
10380247,
5823422,
2280797,
5392078,
4615126,
1136334,
8848151,
10461823,
11038123,
9257120,
9969003,
6493093,
11194353,
10073391,
7379606,
10024951,
2037404,
11732107,
8411981,
9414767,
804399,
10830133,
9812659,
6561480,
10077454,
10773807,
9090537,
9663511,
6449888,
10093358,
538501,
11172275,
8920233,
4667652,
8859145,
10643592,
10128865,
9506650,
11033114,
3170040,
9043246,
1179594,
1032522,
9083160,
9025711,
7574998,
9561340,
10244959,
11213657,
2980927,
4393725,
6899565,
9152354,
7771471,
9864952,
7352198,
8333744,
2701023,
5883101,
3343469,
4683398,
1251828,
9997895,
10363966,
665966,
3576124,
8957951,
1082454,
7609017,
10547411,
9397272,
9256571,
1877093,
5387947,
9517058,
1419915,
508154,
198446,
9362071,
7676019,
9274198,
8166564,
1676782,
8859308,
10187854,
272516,
11826188,
7961378,
5484824,
3287100,
9308490,
1292943,
487482,
8912242,
8054184,
2751214,
10166539,
696935,
4282617,
629325,
3187549,
6646027,
10240649,
9441242,
4523168,
210794,
10047795,
11040328,
10899473,
8551029,
4328105,
6630927,
10411916,
8553650,
881049,
1531442,
11150197,
11261574,
11493137,
4202291,
3505090,
9509820,
8603437,
7709290,
7866794,
1014001,
5611866,
10549132,
5424556,
10706720,
6827419,
6825477,
8961043,
7162426,
3033652,
7488040,
3845549,
153256,
10528190,
9817962,
2793648,
7996402,
10729456,
8028562,
293537,
204891,
1945317,
5143103,
8123139,
6424657,
10231267,
3201465,
7754387,
4226036,
10893114,
8798131,
10175448,
10723014,
4971519,
10810094,
3890033,
3855668,
11236860,
10383043,
10884931,
6962244,
11477388,
7386229,
9562783,
7504203,
120097,
9678017,
7817212,
6351063,
9671948,
11881093,
9315992,
9062709,
9403537,
4307644,
2192752,
2924901,
11995142,
8054505,
963023,
6055004,
11807226,
2008380,
10379651,
10300486,
4267943,
8347422,
6209777,
3022736,
7623334,
423634,
8511335,
9587358,
613856,
3236720,
11797088,
6739556,
10084899,
11105955,
8454170,
10381561,
10418356,
11795197,
5543296,
2780175,
1175433,
3056361,
1981959,
6663505,
1561513,
7739521,
8332953,
2073088,
6300610,
3260486,
10601655,
3916649,
8900816,
10646929,
9352946,
1141067,
6315142,
10281404,
3149443,
9007720,
8458810,
4602682,
2786203,
3706365,
1416595,
9640786,
5060415,
7501352,
4877935,
1732132,
1863829,
10695566,
10401290,
10838155,
10895311,
7602547,
46848,
7906696,
4401133,
10458102,
3160794,
6828918,
559865,
5853910,
6098965,
9735068,
4199717,
120412,
6968251,
10149023,
5911144,
4237975,
9641381,
8482658,
10449526,
1291412,
7063552,
8166942,
7703647,
7806113,
9669924,
9407825,
10646217,
3501303,
9187898,
3792072,
4021801,
11888584,
7409782,
10178415,
865299,
11754231,
8929020,
8399702,
3072886,
2434315,
6341732,
4638131,
468777,
11892076,
9972489,
8397914,
9174956,
7413383,
8527976,
9030410,
10145781,
23428,
11114875,
8594516,
11527294,
1061610,
6464540,
2829855,
8909241,
11804223,
7608792,
10214830,
2243191,
7614107,
756951,
642464,
2769591,
10870098,
9468186,
9234687,
11861828,
7865670,
5397109,
9454819,
3764804,
10566893,
7969035,
1643991,
8788099,
8835830,
916318,
1006654,
4170044,
8822662,
5625595,
2676013,
1868973,
8497020,
4144714,
4830340,
9754347,
8197975,
10953733,
11179497,
5387774,
186725,
4469076,
8882619,
6396291,
10111064,
5588706,
9638497,
514757,
2527503,
8787918,
3147999,
9639466,
8082222,
8917290,
8031889,
10685214,
8524946,
9416428,
10014264,
3485838,
8225366,
9427046,
9786829,
9751336,
9749769,
3827054,
10783176,
904867,
10334408,
11477649,
571434,
9081662,
1632760,
11078746,
3709024,
8897387,
4907678,
10434451,
1802646,
10099603,
7495525,
9509618,
8011816,
3265737,
4489050,
5197927,
5188974,
7394424,
8042218,
9277891,
7662522,
8726074,
9694650,
5214319,
10270494,
3830493,
4412010,
5614058,
11337041,
8896924,
7702446,
9470829,
8175036,
11649337,
11547665,
10863710,
3396944,
1014225,
2502962,
5000774,
2688173,
1900065,
1695260,
8004812,
8939768,
8864518,
4354520,
8497625,
5523205,
8219552,
5850989,
11144226,
5156367,
7092317,
5092616,
10546417,
155994,
8962324,
8236054,
11048206,
10078591,
11063254,
7911861,
10549912,
3768983,
9791973,
2918036,
10517501,
3701674,
11508714,
4684115,
4707096,
9756852,
6142477,
5235252,
10744863,
8001825,
8794630,
10205927,
9582282,
5144022,
9026472,
8073251,
8064697,
9847682,
11468730,
8262701,
9339484,
9275142,
11203666,
7547442,
4565447,
11831716,
405897,
8834739,
11823200,
3800933,
862251,
9041924,
11589386,
11374116,
5539425,
10436333,
9359527,
10287957,
8340540,
9595060,
9794060,
8495459,
10085971,
7941306,
10203072,
9707335,
540544,
1047390,
1634955,
7850785,
11146033,
1253687,
285187,
11853326,
10220016,
11023410,
8228827,
3698735,
11114344,
11760060,
3766231,
10763236,
3266834,
7580078,
1459405,
7399142,
10980673,
5242498,
6385760,
2622627,
11189517,
11875349,
10846501,
4156849,
8040520,
2594739,
11319558,
10225848,
9407864,
11532741,
7741242,
10988159,
11638098,
2100163,
10594464,
11318477,
9024009,
11756069,
1183566,
5087394,
10692069,
10411319,
8559545,
5208323,
7856439,
4567966,
7943333,
10922880,
10380831,
10867802,
8025942,
9486715,
10490655,
9246704,
10564765,
10574306,
10705527,
9079436,
9323590,
9655583,
8157186,
11480903,
2290854,
2932497,
1501429,
11756158,
8850224,
11763973,
9926723,
11003448,
1519721,
10932948,
9071631,
2416777,
8197240,
2897590,
9121098,
7420559,
10266481,
10919659,
136592,
5496230,
165526,
8268991,
10814747,
3998788,
10130277,
8525312,
11309637,
1414177,
11327433,
8738658,
3064169,
8524200,
120707,
9618200,
7913553,
1254809,
10794017,
10780150,
11049198,
9955494,
10540780,
2366858,
9522008,
10475488,
2738607,
9818587,
10247956,
8907337,
170609,
7830293,
11495714,
11292168,
2638511,
2890391,
8215065,
8426186,
11777058,
5428173,
8938085,
1231488,
8483609,
2401936,
2037253,
10105253,
9832859,
10100938,
808823,
4368973,
3631589,
3009289,
9186136,
11284714,
640760,
5212429,
163678,
9357720,
4486558,
9061131,
7546032,
3191556,
9608560,
6422042,
8075486,
10687544,
5164525,
1027426,
9411495,
1320660,
271709,
7794018,
2629245,
1258419,
5909200,
10016940,
5930017,
1123467,
7637129,
1736921,
703044,
794912,
7037272,
9902049,
5524905,
2891792,
5838798,
9150809,
3085341,
892056,
3550459,
11738279,
8513482,
10558952,
11292624,
9046034,
374496,
10700320,
2007269,
2957148,
5854142,
7992292,
8201780,
326344,
11016282,
3513280,
4408268,
11005940,
2203043,
9019499,
9052459,
940595,
8321474,
3224389,
5369693,
9204347,
2407048,
8078846,
7656557,
11525014,
5128393,
60737,
717888,
1330636,
11839826,
8046629,
1735000,
9118183,
1045971,
570264,
11094782,
321550,
11733098,
6270086,
6174563,
8093504,
525307,
6335338,
11270733,
9067944,
987222,
3267322,
883128,
6144257,
264907,
4812984,
10883282,
4002706,
8132245,
6335405,
281754,
1326773,
2281619,
6818709,
10646544,
8225783,
9560780,
10647837,
8189737,
9263299,
4515302,
9613559,
9572331,
4441787,
10984398,
251938,
7397165,
6338228,
9523778,
6739885,
8182211,
9801594,
8062587,
4075832,
11576873,
3147179,
1831439,
639599,
7779471,
9396350,
10568066,
9704450,
316897,
3286081,
7914513,
9793148,
1562730,
2371180,
1643241,
8532611,
2960951,
9214479,
9535562,
9575852,
68022,
6698394,
3713709,
10749008,
4544205,
6345739,
1784033,
584138,
5176571,
119384,
4099120,
7472503,
9233157,
2937072,
632157,
6750087,
5700990,
4372965,
2979945,
4302464,
6291693,
9553240,
10040260,
9579578,
2974942,
3894475,
8565834,
3966533,
271436,
9953348,
1224676,
1709421,
9531032,
11130016,
9700556,
7404677,
10136729,
1325796,
10248202,
9341621,
4590839,
1685987,
6282821,
10540421,
5347171,
6051392,
8440779,
10669400,
1588998,
10873357,
9737034,
10275311,
5469707,
2170709,
9064700,
914331,
8633150,
7037528,
9323666,
559932,
10732036,
2149225,
9189505,
16235,
6177347,
199853,
11323466,
10729745,
6234522,
5539479,
5737798,
5311018,
7805037,
1592756,
2494890,
10334182,
8093181,
3485563,
3513255,
10373393,
9409324,
10534982,
5260089,
9706748,
5389149,
10200549,
8129987,
9595939,
9135828,
8621602,
6327465,
10179701,
3945729,
3113147,
11306637,
9539720,
8253469,
8509646,
9902004,
7634136,
2411816,
3038187,
7762634,
8187195,
11555823,
1112054,
9046753,
4629120,
436326,
10935134,
6428232,
8050491,
9819872,
10164153,
1031959,
4719633,
3719984,
1478809,
8798982,
8208021,
8885756,
7517676,
2386806,
9923583,
2683860,
1848778,
9597134,
11120436,
11818468,
7847618,
5651908,
10590717,
172982,
1167466,
1967159,
455584,
5370155,
10162552,
607579,
2116097,
9838696,
1929839,
7576374,
9986003,
8091873,
10884262,
10071933,
3501658,
11729932,
3592544,
10652851,
10439065,
7086219,
993362,
5557082,
6085112,
10435797,
9991434,
8227550,
8297976,
10188065,
5367269,
1993816,
9900345,
10917746,
5598711,
8803122,
11754835,
4132265,
9961826,
2981932,
10941943,
11329046,
9235597,
10211968,
10492488,
6579082,
450346,
1951534,
5252699,
7357572,
2860508,
10398217,
3062278,
10961411,
9541765,
11296152,
4150607,
3807076,
115909,
11788689,
8255346,
10715831,
4050988,
9384679,
11555371,
2302575,
52274,
9552265,
5404363,
8554428,
1784384,
5621402,
4418939,
8517079,
10009836,
10096756,
1061773,
7629787,
644105,
6444702,
10982201,
4292403,
9431480,
7040654,
2316274,
9195679,
6360641,
7684170,
2198598,
8795236,
3620520,
3883848,
9225072,
4461080,
5807699,
13812,
8931512,
10395157,
9771497,
10993641,
8184241,
1526763,
1405077,
699682,
8916202,
93994,
11820145,
4033029,
1491822,
5777655,
11334645,
11299623,
11745885,
10570574,
11076966,
4329178,
4985215,
187787,
623963,
3703186,
10273722,
9455469,
4830186,
10729415,
3316322,
7771817,
7460862,
5057021,
3022786,
10418610,
4242447,
9063931,
7890530,
10765204,
9840152,
7785554,
6781001,
4615280,
5829197,
7954432,
4335830,
9706319,
4608825,
6701223,
11800299,
728728,
10767708,
10142403,
5760559,
10046532,
9674395,
5814527,
569438,
10693587,
2516993,
11034184,
10868825,
8799575,
8308868,
7791215,
6297744,
2150697,
11124847,
5568104,
8335412,
3185343,
505691,
2067505,
9766536,
7205812,
8178581,
10048090,
3398516,
3196352,
9480343,
7621823,
8784216,
11836693,
2690630,
8670513,
9994186,
10177030,
8493637,
3331414,
10997113,
10099243,
8880960,
11211790,
5342563,
6071130,
10045092,
7689252,
9411651,
8065327,
782329,
1571759,
7895338,
8492558,
10419271,
8339896,
7996688,
738131,
1089847,
11126246,
8582279,
9687189,
4211560,
7650911,
7508915,
11240675,
1040913,
10096116,
2809610,
3851274,
842025,
811857,
5162193,
6792515,
1143655,
4114149,
10084588,
7063091,
7315516,
6680250,
9733698,
5460620,
2655619,
5046205,
11623632,
11831860,
3257617,
5017363,
4183348,
2005504,
10738711,
10184893,
10533418,
11192951,
10715087,
8629202,
11956447,
11843419,
1010950,
9072110,
11653089,
730039,
9758026,
4621625,
6330101,
10336405,
2384175,
9700174,
9589364,
10180901,
1840510,
11934160,
9705838,
10590398,
8568406,
10768808,
10226425,
195722,
7512172,
6236513,
10250500,
9240409,
1192676,
8308556,
1194400,
725074,
9910139,
497084,
9156617,
10896263,
3834259,
11736015,
1570813,
741985,
2594255,
10521724,
9033704,
7853305,
10516273,
8176444,
5414390,
10456556,
11929527,
1270747,
4309633,
8467534,
585213,
2818086,
7418645,
5684683,
10840047,
8889201,
759561,
9350186,
11206764,
967816,
2749696,
3948870,
3362398,
4771047,
2812373,
9248371,
2356620,
8622359,
8605866,
8081393,
8626562,
8973454,
6963803,
11348256,
9707483,
3373518,
10963394,
10509118,
3446953,
3626753,
8587932,
11784031,
10074853,
10494952,
2409761,
254773,
10247409,
1689371,
10822019,
6711517,
5981352,
11198946,
11859774,
8469079,
7739308,
1966395,
10448448,
5006747,
3891066,
9724932,
9696098,
2754202,
4840791,
7821196,
7234772,
2332411,
9252852,
8242861,
10103473,
10958201,
3864935,
616492,
9871312,
1291853,
5402852,
6567850,
9422142,
507359,
1106732,
10140428,
8276942,
7829264,
10154595,
9369832,
2033564,
2276012,
10154490,
7745611,
8507727,
9601616,
9693620,
7652483,
1478515,
2489153,
10410496,
10599743,
9106081,
8391750,
7768938,
8220142,
864383,
9668276,
11795331,
935349,
7650948,
2548402,
10131114,
5364694,
10501698,
10577902,
10833602,
11141469,
3372828,
10131290,
2578406,
9819715,
4037286,
10265744,
10267400,
2743235,
7089139,
3628890,
1255375,
950380,
9956611,
9061026,
7907049,
7697335,
8596662,
2350158,
10490085,
7661619,
10319156,
8998754,
63448,
11938481,
2832373,
6314696,
11607607,
1387177,
4140307,
5143877,
6966524,
3018668,
10925349,
10433125,
9503609,
11478617,
8119411,
8936282,
1811116,
7433729,
9302048,
1786340,
10780054,
2616264,
10920549,
203714,
3724878,
676497,
1903528,
3909598,
2815180,
5573329,
3894731,
11761067,
4325849,
11950643,
8398701,
4667686,
8332460,
10344665,
176817,
10040164,
10572670,
10082903,
5928899,
10719601,
10752424,
9723393,
8392903,
9754165,
5128477,
8781856,
10707751,
4990860,
10182193,
5596177,
8329629,
10719914,
3699576,
1093603,
5586645,
5814539,
9717543,
4804910,
7353810,
3071245,
10153692,
7618931,
878616,
835099,
8387694,
10799342,
10195051,
10359462,
10458873,
7821751,
4218963,
11524024,
11306806,
7691016,
9178292,
1708601,
444027,
3784687,
3973462,
8850218,
1608978,
7753090,
9132474,
4449902,
11079276,
10666655,
10548518,
11252980,
2801154,
8628355,
635855,
4502199,
8470784,
10266309,
6364071,
10681974,
8470127,
107548,
3165440,
4518704,
646350,
8079811,
2311988,
11276141,
8941881,
10781670,
4071784,
8056558,
10482011,
3852437,
4605916,
9985037,
10790422,
9564516,
3699638,
2783652,
10168923,
9872792,
9918653,
446982,
9845798,
8818897,
5079147,
5068640,
8083762,
10797385,
8164606,
11075393,
3088477,
6186305,
2978521,
8029884,
10396885,
10077328,
5255342,
3317222,
9032354,
8585019,
9653786,
9679731,
10897486,
9270807,
6025589,
6560654,
8452791,
8942675,
5578580,
6146369,
7365077,
11291726,
3241422,
7831716,
9360801,
10851195,
10690740,
9756702,
11039703,
5190768,
9478522,
6505815,
4615303,
9065272,
7573187,
8144969,
10354963,
6081724,
2351444,
11468932,
7145257,
9312676,
6678096,
251382,
8856131,
3110487,
8524178,
4506112,
10922362,
5477824,
5213660,
1317805,
9305489,
9462590,
8525874,
10817697,
5975850,
3588434,
7035058,
5474046,
7865672,
7452402,
2364285,
2157717,
1350540,
6741810,
5291557,
6727557,
8976837,
6943200,
10083827,
7398161,
9137049,
11263899,
10134691,
10960709,
9027177,
1796913,
2356694,
3870907,
5273849,
6811755,
7907866,
3327073,
10005380,
9786373,
9772055,
1054088,
7891157,
9956337,
5103767,
3763488,
10183760,
4341720,
3725445,
9385255,
10007566,
9264774,
9735445,
11872687,
444955,
9823553,
1209615,
4917705,
10553418,
10524762,
2589738,
8510304,
11752220,
7747042,
5562958,
322736,
1716273,
7976157,
10127318,
7877072,
8880531,
10270824,
9829185,
855267,
5572772,
10608000,
8923685,
2100393,
8055871,
10431608,
11516261,
10905016,
1878953,
6708737,
1099922,
7954886,
2792732,
5219878,
4180487,
11304398,
2964879,
4742176,
8029864,
10508625,
5481218,
11979361,
3744541,
9542657,
9315631,
11255825,
6091053,
4561353,
1392461,
1292052,
4717510,
10817431,
11475876,
8471518,
9987224,
11218173,
5232868,
9814371,
3662493,
716028,
7992370,
5110393,
8134428,
8530293,
11069603,
9309018,
7596836,
9730415,
8498771,
163090,
3548654,
926645,
3406093,
1163823,
7694639,
2483745,
2150929,
8105797,
9304091,
5486258,
9151286,
3131781,
1724639,
2406435,
5944876,
5404285,
11770905,
10850852,
10278248,
4570534,
9768671,
6191569,
10774598,
8803201,
9477500,
9581239,
10868787,
8144224,
123810,
10064824,
7893699,
11236021,
10703752,
9624596,
9019873,
1175107,
11079460,
1064217,
693634,
10036470,
9104562,
7703789,
11086732,
3910580,
8234903,
3114134,
2550972,
7897044,
2450168,
553068,
8946589,
10193819,
4833401,
8361817,
7832486,
9696114,
10755631,
8293699,
1803666,
9468504,
8545365,
11815364,
829906,
919054,
4885663,
1644770,
1920095,
3097680,
8167084,
4970631,
9914597,
9972586,
2167783,
4368196,
9543773,
10983604,
11799268,
11856128,
2263856,
8141985,
8168755,
8434653,
3947789,
7960016,
8624671,
10508662,
2188393,
8338431,
3533465,
1601600,
11737628,
3814273,
1008267,
5261784,
9784713,
10766871,
9653951,
11706234,
10706242,
10750190,
9467612,
4776011,
11551073,
9689516,
10038882,
11852677,
10565277,
9042042,
3029634,
11851084,
7819938,
5452542,
3293836,
10187006,
4079968,
10089283,
8515734,
4206569,
6753156,
8122119,
1134308,
9716926,
2854578,
8973989,
11732964,
1057261,
1880178,
9803058,
8127805,
8363277,
8902357,
10369670,
7571892,
9818543,
11492407,
10145141,
5636668,
8048538,
10739975,
127018,
2041535,
8322052,
9024337,
9579003,
11477457,
9811438,
6804111,
11219011,
10886295,
10573612,
3762924,
9253168,
10477732,
9914550,
5633945,
11384994,
2240430,
774648,
6428762,
2263267,
4860396,
9447323,
9271895,
6935996,
9814871,
8186786,
1588468,
11796702,
10732729,
7776021,
2363614,
1780629,
9374629,
9527127,
1097319,
10529435,
2562278,
2562857,
11254705,
11766502,
2302558,
10690310,
8218981,
4052135,
8995592,
6811556,
10560415,
11762262,
8240325,
9259116,
1969852,
11948887,
10931938,
1682666,
6634107,
10687265,
2057264,
10082719,
3316969,
8959784,
3738586,
7381591,
9025901,
4710401,
5746634,
733731,
8830730,
11783817,
11194074,
5481441,
11405541,
4094784,
10786806,
8358265,
11754755,
8153260,
9837264,
11846857,
747186,
7469051,
8939739,
2258001,
7485224,
5700604,
10704084,
10596150,
4262580,
1020709,
264328,
1120237,
5694334,
10527031,
4575043,
3190047,
9488253,
8802971,
4952830,
9801948,
1735917,
7905584,
8040609,
9692256,
9112139,
5947254,
5701892,
5129797,
2012980,
3453801,
8791824,
8142583,
3661538,
9270546,
8794752,
10760729,
182654,
4029163,
4163845,
4666497,
9199913,
10204953,
4719799,
10175576,
11275854,
10966905,
4327202,
9491854,
11898708,
3313158,
5466081,
10573048,
10310198,
5800823,
7396280,
9025931,
6843200,
6708889,
3802165,
4885013,
1824594,
11267276,
5821710,
3382177,
7864788,
3267127,
10053136,
11615164,
2532375,
9350266,
10816182,
10679322,
1761122,
6898074,
5042233,
592394,
2382673,
10432825,
9026970,
10125554,
6598254,
11333500,
8915520,
10502665,
11561466,
1710079,
9709538,
7609114,
9792588,
3667710,
10886904,
4474875,
889174,
10349046,
501648,
6140503,
2932033,
8809983,
7964091,
4416112,
10810326,
1822289,
4027231,
7923733,
1261419,
595512,
9639537,
6466767,
8825348,
1183890,
9829201,
8386660,
11646296,
10314712,
11341834,
10088946,
8918199,
8654553,
5424188,
7516939,
11591779,
9500929,
2857865,
2203984,
3546050,
5535614,
10761487,
9411221,
8045242,
10586974,
8331034,
10365094,
4676219,
3985713,
11603617,
10477721,
10104924,
11115016,
10456702,
11165762,
7504036,
65190,
951742,
1078396,
4008446,
3823830,
8451054,
10190891,
2604786,
11583729,
5954317,
10202799,
7354388,
164020,
138245,
10427241,
9659925,
9933881,
5318382,
2640924,
8769062,
2538926,
603852,
9172274,
9436728,
7983533,
10075431,
10322854,
9957094,
10334661,
4039192,
2184221,
3333353,
2554968,
2359939,
8522833,
11520474,
4669512,
3155527,
5036010,
10729313,
1647312,
10456739,
3787630,
1367826,
8325111,
9355464,
113524,
10425225,
7683253,
8170171,
1983482,
7993285,
10746688,
504364,
7118955,
5114167,
11870372,
1707174,
5300989,
9592602,
11295838,
10540506,
10897929,
4064296,
11478968,
10644898,
10256335,
10665824,
9519562,
7970509,
11615367,
222087,
887521,
10033642,
1120044,
277406,
8051313,
10543593,
2695590,
9928105,
8933868,
11231008,
216646,
5999946,
9585099,
9010544,
9687203,
4723407,
10965407,
8199230,
7388001,
10234879,
9407554,
7756125,
9887535,
10394902,
693264,
11241324,
11990304,
10575407,
10934682,
6753188,
7992034,
7488501,
9778021,
6937559,
6441322,
9013353,
3887448,
7662251,
1019905,
10762507,
10713807,
9644039,
7958369,
1819946,
11115615,
7454393,
11264876,
9946050,
11522047,
11474356,
2788111,
10061671,
8519981,
6513766,
3648368,
8990990,
6926821,
8053495,
3597370,
4253816,
1255489,
4131597,
8446645,
10441624,
9783382,
2759159,
7987007,
1282736,
11704938,
2153361,
7919058,
11946958,
11276137,
2348676,
7127885,
9144762,
9175933,
9435470,
7668345,
9150118,
9297432,
3290504,
6275420,
1562547,
9794283,
9348000,
2978828,
10794239,
10118422,
2422052,
427303,
3891808,
5712047,
11042798,
10236429,
8085283,
1997400,
695768,
3846004,
2779447,
8216214,
5871943,
1974788,
265364,
9279498,
8935492,
4404430,
2351653,
8409382,
7664846,
11923584,
11538073,
9469008,
9595718,
414517,
10267753,
9267105,
52804,
1992626,
667220,
5589497,
360601,
7880655,
11119187,
3433233,
5460868,
8982425,
7908049,
11826183,
6326669,
651927,
2975574,
8611065,
10960964,
1099285,
9940147,
3492090,
10820823,
11810234,
11057703,
2412727,
5281262,
11806091,
11403193,
7630588,
857566,
10031754,
892282,
11880353,
543785,
10794943,
8411680,
10108341,
10965005,
2824311,
8447529,
5754846,
11329100,
10912200,
462180,
11737976,
10083251,
4904322,
1511465,
11795168,
11735154,
2573968,
10828186,
4016708,
9725079,
8457521,
1538377,
3226084,
730399,
4034349,
9596708,
9490247,
8478723,
1785467,
10161034,
8716034,
7879577,
10704606,
11780157,
360612,
8055774,
7896783,
11044705,
7921230,
4405183,
4984469,
3439798,
6374484,
8734011,
9123708,
7458675,
6397511,
4556546,
8380455,
76034,
2585621,
1559329,
9480937,
5506854,
9135822,
3666964,
8586213,
9808840,
719043,
8428531,
8046798,
3970171,
6547855,
9085227,
2134962,
11305199,
8632410,
8449236,
11783755,
2521681,
701959,
11748005,
11314212,
8822720,
11388636,
4592590,
3201264,
1242850,
3785344,
4484593,
7977066,
7375183,
9148322,
8499257,
5209360,
6991721,
1957431,
9088977,
6361609,
7881838,
7858820,
5801105,
7513425,
9786825,
9775693,
5678780,
5424973,
2149036,
3765602,
11490597,
8443686,
4669243,
6372345,
4390714,
7694680,
6694691,
1574354,
11227537,
5762236,
11791725,
4835639,
10212293,
3246503,
7614572,
8364679,
8246911,
7509703,
267730,
3260874,
7844532,
2320550,
8849563,
7627480,
2960899,
4865232,
7898477,
9412774,
9256064,
6813544,
922925,
8009750,
457745,
2960962,
9401563,
1606908,
9574651,
6921577,
6214755,
1561432,
3783483,
4238510,
10720468,
4202254,
6332536,
10665255,
5971627,
4234239,
9238941,
11784443,
361272,
4409503,
10043181,
8961023,
7615667,
11748410,
183870,
634118,
114666,
1001133,
501945,
9834953,
10548546,
10764953,
4179319,
2647275,
4065096,
10352736,
2857965,
1760317,
9576083,
1592658,
1290232,
9907745,
9595871,
10053580,
3491661,
1556665,
10040672,
1049025,
4080454,
9322142,
11219434,
27033,
9083779,
2236225,
9592549,
4641176,
212250,
1539585,
1872981,
10015285,
11538754,
7994839,
7684002,
409016,
4440651,
10925979,
6673538,
6988062,
2613011,
6924614,
1838886,
2101113,
561611,
10246448,
6977535,
378134,
641210,
2158562,
4651349,
9445658,
7403243,
1722361,
3765767,
4640549,
10000273,
1742236,
3729330,
3760274,
4590665,
3582855,
9014099,
7167598,
6399768,
7900764,
529287,
3496161,
2501044,
10343889,
4496252,
4875925,
8166576,
11239980,
10527773,
10830951,
11530545,
11739934,
10843691,
11790955,
4306006,
8928428,
7674875,
571050,
6299848,
2309556,
11141811,
9764206,
1067170,
228211,
4291208,
5989227,
8168326,
7587043,
124028,
5338326,
1154269,
8062912,
10849112,
10806181,
11531988,
8532023,
2388403,
7682582,
9984084,
9172428,
9271966,
3401446,
11789723,
3461328,
11476482,
11832112,
9803405,
9541295,
11770777,
279233,
10092170,
7862150,
11130702,
10495746,
1868193,
3353384,
11523146,
8603204,
8821280,
5526901,
9092705,
3022444,
11607339,
11513750,
1490820,
11760365,
1586010,
11829990,
7872829,
11302040,
10206846,
4680190,
9513845,
2503394,
8616702,
7731437,
2210922,
5640461,
10874021,
11718048,
396807,
2721895,
3055334,
11865693,
9324914,
11929430,
246054,
8941924,
3012264,
10207383,
11361026,
544818,
5884879,
7566094,
175992,
7743742,
1350047,
5023803,
2837796,
11735321,
6777518,
9113795,
6621376,
5716507,
5353900,
6925213,
6566529,
226702,
7458634,
3100174,
3874413,
1926043,
9578119,
5864959,
133172,
835967,
1402641,
10730531,
11079623,
11060656,
8241734,
8879741,
10676335,
11822719,
7148593,
2176064,
11822123,
4043602,
11755566,
9175015,
10445553,
9322524,
8456471,
8624751,
11536640,
7484432,
11928392,
10550428,
10770360,
6466647,
11768367,
9982650,
8063158,
11814394,
9627022,
1058524,
9874526,
152278,
8529401,
10230392,
11461628,
166222,
630480,
11748105,
1459150,
6297755,
8602197,
2702487,
10687153,
8074579,
9006075,
9054183,
11227563,
311208,
9726162,
9962567,
4202352,
188154,
2328587,
8032963,
10151944,
8899643,
1537008,
8234010,
8001262,
3114558,
9708608,
266288,
3021468,
369420,
5923457,
7025458,
10996390,
8893330,
6950038,
6748335,
8897348,
2799120,
11345082,
6079154,
10137692,
4529119,
8894301,
2192408,
7771328,
10035962,
10051427,
9586820,
9567473,
9755154,
10911519,
8102069,
510465,
4534002,
9833587,
3688775,
7630796,
9639127,
11476606,
949221,
11787526,
8254570,
8767878,
8243165,
8572243,
1684440,
4122435,
10872227,
5476975,
7992705,
9263645,
10248423,
10209944,
820800,
3438989,
10503323,
3669659,
2378367,
3402466,
9033024,
9645764,
9651812,
8118755,
184899,
1434050,
11510129,
2473420,
8042187,
9881960,
9225331,
10475497,
9775769,
10049705,
2311289,
11951485,
5790846,
3511646,
3663839,
5962997,
7047060,
4273796,
10422125,
8366042,
8073629,
5765745,
8595810,
9356907,
11754412,
2529293,
5770253,
11380726,
4766380,
2246397,
644099,
4642530,
7370676,
9544983,
8793292,
4803718,
11021689,
8923518,
8881644,
10271001,
1854896,
8948790,
4667755,
3588795,
8968340,
7622125,
3028241,
2171604,
8965531,
2190907,
4499227,
10215699,
1614745,
6842847,
5533873,
9955943,
1461871,
114609,
2405239,
2397391,
8845089,
2014748,
6293281,
6649928,
6841982,
9194007,
1564445,
11952139,
7041131,
5069868,
9336896,
8413428,
11759736,
2438124,
4212453,
8251096,
8384277,
9598974,
10487128,
10355400,
10239632,
11540959,
11757824,
1791520,
5816197,
2297422,
9870586,
4571126,
4334646,
1424393,
5764313,
577623,
8554546,
3632070,
7883459,
10517619,
8169624,
7813448,
2247462,
10419782,
10477364,
1199945,
5017653,
10291851,
9108478,
11758042,
127906,
4828355,
8297829,
10340641,
6244067,
11465112,
9042628,
2789075,
10033680,
2587430,
6042137,
4101147,
8082024,
11304688,
8923073,
7098404,
8975635,
8874697,
3086550,
7975835,
10845152,
8764339,
10015237,
6376759,
9641082,
2600211,
4087551,
1244579,
7691240,
3997533,
8118987,
1346695,
11471161,
8052734,
5366623,
700232,
555640,
4238206,
11114557,
8239030,
4250346,
1657949,
3591288,
9907037,
3491689,
7737855,
10561621,
6827892,
11124942,
9556113,
11889069,
9112305,
2121263,
1769743,
1655957,
224470,
702967,
1102361,
3948394,
8928023,
6313415,
8982023,
3485970,
4778413,
577885,
2126358,
1959761,
1709990,
6824220,
4021833,
2022428,
10568589,
9002885,
11047563,
6459943,
8626949,
4473615,
9552122,
4008655,
7311011,
8384260,
3057610,
11876385,
7315704,
11575937,
10453268,
9082187,
4639405,
8342125,
11775964,
9636306,
411139,
597693,
9452077,
9998359,
8494758,
3487098,
2617820,
9428582,
10866261,
10503038,
9260940,
5880558,
5761235,
11786488,
834209,
7553771,
8565173,
2891816,
8175354,
9547375,
166495,
5538847,
11028789,
8861737,
9779172,
2794567,
6130371,
10121671,
6712773,
9909115,
10204291,
9375864,
5096658,
10726244,
9296218,
4647059,
4999590,
7783062,
443259,
339122,
8039534,
10764614,
6260794,
11198218,
8820699,
4177945,
3854987,
7411890,
11769408,
5135443,
9447061,
6995479,
2434090,
839997,
9964729,
2450971,
5602813,
4100131,
6491497,
9458716,
4503739,
9363091,
8792181,
11758009,
3783620,
1709445,
2176475,
7611138,
9551785,
11608711,
8550224,
666130,
395054,
7650776,
6728637,
6986720,
9103470,
10683200,
6033494,
6140928,
2712356,
4402369,
2684529,
7573366,
9312416,
7927287,
10794111,
10874488,
579132,
9153216,
4071826,
2327520,
10537057,
10474624,
5526118,
540355,
9068796,
1328071,
1754233,
3505172,
217272,
780420,
2365666,
4375793,
8885152,
8321612,
8491663,
3959883,
931977,
6451318,
9114707,
4282436,
9560685,
1785721,
117071,
1737985,
6606533,
2402009,
10156066,
4129519,
10680695,
9080988,
5000928,
10164715,
1016182,
10468094,
9563260,
5482160,
11009758,
10248347,
10066336,
2183255,
8976868,
10889614,
1256907,
10289724,
6919709,
2412950,
603971,
10413912,
5006089,
9763916,
9562823,
11363262,
10731364,
2813428,
11317525,
882323,
2162567,
10085811,
4021736,
8774162,
11677284,
11903057,
9947977,
4324600,
2878190,
10379013,
9626025,
9817788,
11745693,
11774006,
8389629,
7362514,
712088,
3053514,
10560508,
62847,
5536285,
7570006,
761824,
10147399,
11347702,
210384,
813172,
10755088,
2190736,
7019236,
1145434,
6677437,
8023446,
3674061,
6689955,
10557612,
11597533,
5096225,
9394067,
119105,
9144499,
1101481,
10554926,
9423591,
11516174,
10363809,
2478727,
117147,
7754761,
154975,
535682,
9370016,
9433402,
8732305,
8838883,
4206853,
2293759,
11052344,
9062263,
5713323,
6775713,
11270400,
9112857,
5527004,
11073509,
9787373,
10258460,
8626400,
11842745,
10113794,
5112518,
9712582,
8146305,
1438947,
4569578,
6814462,
6951406,
1233754,
11227245,
2791282,
2294715,
8182486,
3858382,
8949780,
9104288,
7606506,
6962691,
3784955,
9350837,
544978,
2580523,
9053825,
8720660,
490296,
8192808,
2668180,
1119294,
8350182,
8994965,
6812007,
1574952,
9408633,
4747090,
1109016,
5356233,
10908378,
8542924,
5077298,
9068255,
7901443,
3294441,
11880549,
10928502,
6555035,
8468558,
4977463,
7898213,
11935430,
5690032,
3877985,
8441428,
10294849,
7776049,
6514449,
5950806,
6345277,
1552125,
5082719,
3661184,
2290308,
2233705,
2936179,
5950686,
6107588,
7385564,
11140598,
9628957,
6319895,
10827531,
4905462,
8720673,
10668123,
2231424,
9804593,
6599075,
10280452,
11059,
8925291,
1407110,
9634721,
2889280,
6574319,
11539446,
10946076,
1665050,
8029909,
9357798,
9109430,
4277357,
2638254,
9798685,
7896052,
11334409,
7584708,
8103978,
2497191,
4235252,
10951885,
2820229,
6524012,
11307920,
7313481,
8051771,
3232720,
9707075,
8213517,
8315743,
11474030,
8941102,
269522,
9638374,
6672380,
9619296,
11251044,
10462675,
9546733,
9067189,
3538829,
7839955,
8597568,
4372746,
951130,
74151,
1374747,
9355634,
8019616,
4225217,
5452781,
10609470,
7956737,
10066616,
7405363,
6866652,
6047434,
9895851,
7786796,
5746462,
4594184,
4760055,
9481888,
9469622,
10656996,
5491152,
1357036,
373854,
970641,
8053574,
10091508,
8298904,
6535604,
5831001,
5771078,
8158015,
6804121,
380589,
1146121,
7129939,
9928522,
2885906,
3311253,
6689184,
7972825,
2970501,
6029815,
6953081,
9784180,
10044515,
5647702,
10745674,
11066177,
9823646,
6464801,
9732256,
3328065,
453067,
9838194,
7149384,
6703088,
6839757,
11212399,
9786487,
8379507,
1333352,
11759218,
2187082,
2497454,
9687350,
5149284,
10536337,
10002251,
5524140,
10819238,
3536914,
3553612,
3341341,
4174735,
5670526,
875507,
7486828,
2985100,
9759344,
3529195,
10007992,
7895659,
9528075,
6954584,
3544189,
11110458,
4955005,
8212330,
269035,
6342196,
936388,
6360859,
3655033,
711533,
1345928,
8986958,
2368235,
6904683,
8156928,
2542827,
8602314,
5104935,
4762668,
9728882,
10111080,
1741326,
586655,
5420619,
962619,
9003454,
10110781,
1416959,
509384,
8939138,
6063612,
5090858,
8622556,
1961671,
5422638,
7459545,
6284624,
6744731,
3471372,
5243729,
7144909,
6963920,
4969596,
9777165,
9562633,
642685,
8955291,
1246412,
312802,
6709697,
1109928,
205631,
4731993,
1846322,
4497428,
368085,
8120937,
9676114,
9097370,
9240087,
3010812,
1181943,
8404628,
10924913,
7899903,
9319585,
10077321,
8098216,
10530392,
10124583,
9225620,
10044746,
9765547,
10536811,
10337882,
9537841,
7824040,
9086442,
10802185,
5387734,
10811321,
10118606,
11103979,
198949,
4915890,
2038023,
10956746,
8978828,
11201019,
9554973,
4313829,
7367542,
9393725,
9086412,
10060398,
4333689,
7718421,
8458628,
9921711,
7174668,
3143155,
3118210,
11460223,
8216670,
10108344,
11308950,
8512979,
8800544,
10084333,
10485117,
8890879,
9238690,
9133255,
10276290,
9523847,
2406636,
9643319,
10224365,
10177577,
4766617,
9693462,
7848790,
11896655,
2543014,
9123522,
9751789,
6777124,
8423242,
8958010,
6990637,
619219,
3739879,
4965226,
4819640,
9089889,
1122474,
1189141,
9209469,
10263476,
968584,
5511258,
11522033,
7522797,
6693899,
10370733,
197373,
8564225,
5476438,
5904758,
11068433,
11068450,
8891904,
9520295,
1695824,
2346711,
3855254,
10653266,
3157427,
7994228,
9639469,
7859889,
2864688,
6554010,
9502326,
3770391,
2124207,
2544453,
10938234,
7544857,
9259981,
2196069,
11573109,
3851219,
1159061,
10138536,
5893885,
6915792,
4077157,
9222570,
6337755,
9328036,
1304935,
3454786,
7425123,
3252624,
3252741,
6021485,
6822007,
6223721,
2790936,
790956,
11119434,
3593003,
4687101,
3535456,
9536880,
5881133,
3969531,
3168393,
11702758,
6041911,
1346849,
322707,
5488502,
7264670,
9495785,
1949829,
7376924,
5072367,
7028253,
5778908,
3730268,
9449878,
10463150,
1177892,
5567373,
3539260,
5079754,
6441665,
8316865,
9647497,
2363629,
235368,
6240431,
1244602,
9988062,
9009252,
9166958,
655712,
9953485,
8077288,
1089915,
1185566,
11755098,
10941027,
2269169,
5471479,
3491020,
3920886,
8222009,
4764889,
6544914,
9985223,
7909844,
8393725,
9135227,
1405079,
7854937,
6761761,
4450260,
9973832,
10518188,
7421299,
517407,
2779403,
9326953,
3633260,
5679317,
8478350,
4265963,
962754,
8953472,
4303038,
143374,
9217273,
760441,
3542077,
2690342,
638508,
11651667,
6449119,
6195044,
1891616,
3030783,
7507672,
8613456,
9835851,
6448846,
5888552,
10971658,
2642216,
11882437,
1838893,
3372743,
10907092,
4143183,
256380,
8585631,
5515221,
4454881,
10187694,
5566170,
461012,
9416665,
6818881,
7009721,
9039700,
1594359,
7989936,
2684627,
4556617,
4213227,
9434599,
10165539,
10030064,
428409,
240836,
3815944,
3867079,
7614905,
3702266,
10330795,
5911214,
2585173,
9500163,
9355947,
3985760,
9844720,
9486964,
3655443,
10669012,
7969031,
11554877,
10260151,
10405924,
7489928,
10519664,
10404619,
4813120,
1838310,
8471030,
10971905,
4613393,
10640513,
10181463,
3911795,
9823740,
10134031,
8233221,
4545501,
5967816,
10971982,
2050606,
2806478,
8421019,
7699997,
7893808,
9816523,
10461037,
1533938,
9011989,
8918202,
3130158,
10560248,
8972812,
10071111,
11531488,
11884741,
9429303,
11052742,
8022122,
9066179,
10767612,
10525908,
4900526,
11768477,
9113097,
7784725,
10874135,
11737028,
2033636,
10644849,
1553834,
8489437,
10337325,
11154367,
9854756,
9443971,
9486373,
6416642,
8074444,
2515264,
11202911,
10067538,
9470238,
2891368,
8951836,
11839519,
11842248,
8548951,
6446674,
1951748,
7855378,
9021933,
3416518,
7590176,
8222663,
8596425,
596470,
8181584,
9056324,
10488149,
9652405,
9320281,
10040222,
7994721,
9361333,
116689,
8421106,
11999857,
10742221,
3677771,
4560975,
10488241,
10665663,
3911286,
11173370,
7746896,
11580689,
1547089,
9997826,
9049579,
7626198,
10192314,
7758534,
11847117,
4013985,
11835721,
10272243,
2472023,
9186604,
11211142,
1215835,
7598498,
7404858,
4951386,
10816627,
2805221,
10582932,
9165429,
10274758,
430850,
1632787,
9604213,
9544361,
10205262,
8507179,
1649080,
4589566,
2612429,
3854463,
7743529,
8459671,
10777959,
8974284,
9697321,
9689701,
11747240,
9245546,
10040658,
10232820,
10716779,
9391485,
5546020,
10445202,
9065498,
8906668,
3616225,
4463990,
10200826,
11836153,
9613415,
7631863,
8971726,
1496281,
752413,
364651,
7672054,
439257,
3371786,
3582343,
5261095,
11206892,
10830740,
9143417,
2943174,
7152758,
10029827,
9016378,
7707364,
1931796,
1880678,
9326802,
1143464,
6780335,
8892515,
9212452,
5500489,
11742905,
8056207,
5340197,
8123361,
5949264,
6417430,
8293052,
515937,
10359929,
7550090,
9749271,
9536583,
1765296,
7824745,
9347840,
9024974,
3911330,
8439557,
6589095,
11871781,
1723387,
1266264,
7792315,
9515129,
1343676,
2898934,
3066134,
7899253,
3124912,
1511698,
8127817,
6703086,
3109338,
4468134,
8301182,
9602519,
7891025,
1032788,
9358867,
7744633,
3390552,
3519562,
11050536,
11770698,
2397048,
2369880,
9056101,
6712187,
2028570,
7648724,
9482116,
1867476,
6828928,
5921496,
8614339,
806523,
10278803,
4509333,
11473762,
3248724,
11273184,
6091568,
3084662,
2777730,
10812394,
945072,
10547225,
9480405,
1487322,
6375786,
8914479,
10475993,
2390207,
7850374,
9018795,
5817676,
5878212,
6573640,
6818452,
11247716,
6374226,
2255086,
998257,
6862254,
7083426,
6656602,
5049245,
977539,
4118036,
2045442,
9714241,
1514511,
6535397,
5324673,
5359432,
2045145,
6665080,
1421649,
4424406,
1901037,
5678488,
6052664,
8245711,
5802486,
7820239,
1948284,
8979118,
424582,
2816290,
10023279,
1798048,
1151947,
11261460,
5359860,
1584356,
3421264,
10425188,
3001367,
10520272,
8941943,
7351765,
6401117,
2756024,
11203015,
1742844,
302090,
4450789,
215005,
5524903,
5912904,
7032291,
4044318,
7031436,
1912229,
6334138,
4581957,
6014521,
3016946,
4192000,
7117744,
6801633,
176868,
1125175,
3444727,
6426342,
6013213,
6809129,
4355859,
5026847,
422829,
7060561,
21113,
4070498,
4981313,
4999525,
5092268,
9292649,
7209729,
9162402,
11215151,
10653011,
10814867,
3579955,
10105628,
2824350,
4056059,
397366,
9652105,
8043846,
7005901,
3566595,
6785062,
2927552,
243053,
